i e e2 e3
0 0.0 2953.0 0.0
200 0.00909514925373 14.1812810945 0.00909514925373
400 0.00954644638404 6.85536159601 0.00954644638404
600 0.00933340266223 4.40978577371 0.00933340266223
800 0.00988998127341 3.18913857678 0.00988998127341
1000 0.0102865884116 2.4592750999 0.0102865884116
1200 0.0103689633639 1.97357670691 0.0103689633639
1400 0.0090448786581 1.627832798 0.0090448786581
1600 0.00959361336665 1.36987624922 0.00959361336665
1800 0.00859765408107 1.17101610217 0.00859765408107
2000 0.00932346326837 1.01247032734 0.00932346326837
2200 0.00992446615175 0.883845411177 0.00992446615175
2400 0.0100348812995 0.777879008746 0.0100348812995
2600 0.0101223087274 0.688238898501 0.0101223087274
2800 0.00980676544091 0.612270171367 0.00980676544091
3000 0.00967906531156 0.547676816061 0.00967906531156
3200 0.0109145579506 0.491643236489 0.0116631669749
3400 0.0111456189356 0.442663922376 0.0117755099942
3600 0.0111991460705 0.399294466815 0.0124560400182
3800 0.0119376479874 0.361693468824 0.012476168484
4000 0.0114893151712 0.328675643589 0.0122141612257
4200 0.010224500119 0.298968995477 0.0111477676339
4400 0.0101077880027 0.272622699387 0.0107850406387
4600 0.0102049826125 0.248780835688 0.0106594949082
4800 0.0113029837534 0.227071833993 0.0110968474012
5000 0.0111383973205 0.208661392721 0.0110497961112
5200 0.0112388242646 0.191105075947 0.0101403629614
5400 0.0108023977041 0.175332114423 0.00956207672909
5600 0.0110220273166 0.160719068024 0.00979756510951
5800 0.0115901353215 0.147663118428 0.0108295056609
6000 0.0129535702383 0.135271725546 0.0115834640777
6200 0.0136041565876 0.124823617159 0.0116817295366
6400 0.0135135135135 0.114952741759 0.011274408014
6600 0.0131395811241 0.106281245266 0.0106061783947
6800 0.0127899389796 0.0977843331863 0.0100854392563
7000 0.0129535066419 0.0900451721183 0.0100525856283
7200 0.0132143105124 0.0825254304958 0.0111946561434
7400 0.0131168929874 0.0761446932847 0.0106540304794
7600 0.0133267826602 0.0695858275227 0.0103892686849
7800 0.0141267946417 0.0633232117677 0.0111083890942
8000 0.0153926071741 0.0583247406574 0.0112507987756
8200 0.0151086757712 0.0541092549689 0.0107227982557
8400 0.0154594691108 0.0501725985002 0.0105408924107
8600 0.0160791623067 0.0459830252296 0.0110053369954
8800 0.0165109078514 0.042200460175 0.0108548080163
9000 0.0176404010665 0.0389661565382 0.0108452536729
9200 0.0180635936311 0.0358741577002 0.0108071380777
9400 0.0176759786193 0.0329569327731 0.010850961476
9600 0.0183200317675 0.0308903369441 0.0103877789825
9800 0.0192231660035 0.0282018416488 0.0107922328019
10000 0.0242647610239 0.0261411358864 0.0104350682509
10200 0.024345039702 0.0241152828154 0.0103405935147
10400 0.0224903254495 0.0224903254495 0.00975748583771
10600 0.0200438048297 0.0200438048297 0.0100909553019
10800 0.0186253008981 0.0186253008981 0.0101664117084
11000 0.0172186051268 0.0172186051268 0.00935498304444
11200 0.0158844634408 0.0158844634408 0.00987320985316
11400 0.0151741075344 0.0151741075344 0.00978330331662
11600 0.0141582622188 0.0141582622188 0.0100367403498
11800 0.0130391492246 0.0130391492246 0.0104521556571
12000 0.012649987501 0.012649987501 0.0107062804662
12200 0.0126949123023 0.0126949123023 0.0112156700268
12400 0.0120554793968 0.0120554793968 0.0113095537344
12600 0.0117463395762 0.0117463395762 0.0109637874863
12800 0.0114578450902 0.0114578450902 0.0107973943455
13000 0.0117863529728 0.0117863529728 0.0115201413028
13200 0.0115722767215 0.0115722767215 0.011624109462
13400 0.0114053988508 0.0114053988508 0.0112505942788
13600 0.0111067200941 0.0111067200941 0.0109525998244
13800 0.0104011937541 0.0104011937541 0.0105050534026
14000 0.00994571816299 0.00994571816299 0.0101709485406
14200 0.0103832916696 0.0103832916696 0.0102124395884
14400 0.0105721824873 0.0105721824873 0.0103359534519
14600 0.0106424645572 0.0106424645572 0.0105152888446
14800 0.0106760100669 0.0106760100669 0.0109320690661
15000 0.010427429838 0.010427429838 0.010596122434
15200 0.0103693835932 0.0103693835932 0.0105706879982
15400 0.0104467648205 0.0104467648205 0.0106873403673
15600 0.0104450435869 0.0104450435869 0.010588660896
15800 0.0106094946522 0.0106094946522 0.0108422113943
16000 0.0103684925942 0.0103684925942 0.0106457309681
16200 0.0105510462317 0.0105510462317 0.0108391264391
16400 0.0104214300957 0.0104214300957 0.0106290306821
16600 0.0106893033552 0.0106893033552 0.0109842251913
16800 0.0108280385096 0.0108280385096 0.0110514219149
17000 0.0110986118464 0.0110986118464 0.0112152471728
17200 0.0108351258648 0.0108351258648 0.0108774517815
17400 0.0103675794495 0.0103675794495 0.0104088938373
17600 0.0103474234418 0.0103474234418 0.0104248687252
17800 0.00987830739846 0.00987830739846 0.00999696129956
18000 0.00968175379146 0.00968175379146 0.0098123848574
18200 0.0090388234163 0.0090388234163 0.00908927890465
18400 0.0092131541764 0.0092131541764 0.00929259003849
18600 0.00927453497124 0.00927453497124 0.00932431639927
18800 0.00941106856018 0.00941106856018 0.0094889945447
19000 0.00957926556497 0.00957926556497 0.0097076989049
19200 0.00938183558148 0.00938183558148 0.00938794350918
19400 0.00944297330035 0.00944297330035 0.00944129725632
19600 0.00936973878884 0.00936973878884 0.00932310439474
19800 0.00929009267209 0.00929009267209 0.00929276064004
20000 0.00909407654617 0.00909407654617 0.00914480356129
20200 0.00950757388248 0.00950757388248 0.00957501064254
20400 0.0097582532719 0.0097582532719 0.00951902735163
20600 0.00986981821271 0.00986981821271 0.0096248242774
20800 0.00987557689534 0.00987557689534 0.00979192099931
21000 0.0102524879768 0.0102524879768 0.0102534222727
21200 0.0102029385406 0.0102029385406 0.0102003057997
21400 0.0101265711883 0.0101265711883 0.010125692851
21600 0.00984184759965 0.00984184759965 0.00983845668729
21800 0.00977592770974 0.00977592770974 0.00977445100248
22000 0.010099682969 0.010099682969 0.0100953751397
22200 0.0104119746858 0.0104119746858 0.0104116027
22400 0.0106879994197 0.0106879994197 0.0106889615645
22600 0.0109529169063 0.0109529169063 0.0109529348216
22800 0.0105628590851 0.0105628590851 0.0105642381297
23000 0.0108093126386 0.0108093126386 0.0108108942751
23200 0.0112508620318 0.0112508620318 0.0112485596507
23400 0.0115900495705 0.0115900495705 0.011589529561
23600 0.0118301396127 0.0118301396127 0.0118335920232
23800 0.011712349271 0.011712349271 0.0117133570039
24000 0.0118933846506 0.0118933846506 0.0118943422739
24200 0.0120623889509 0.0120623889509 0.0120631505779
24400 0.0117842250318 0.0117842250318 0.0117816503255
24600 0.0112660562579 0.0112660562579 0.0112661017007
24800 0.0110126607798 0.0110126607798 0.011011524674
25000 0.0104639564417 0.0104639564417 0.0104630817883
25200 0.0105036754494 0.0105036754494 0.0105040161444
25400 0.0104301995984 0.0104301995984 0.0104302579924
25600 0.0107179651186 0.0107179651186 0.0107186626026
25800 0.0107505523042 0.0107505523042 0.0107508688177
26000 0.010893210838 0.010893210838 0.0108931659077
26200 0.0111720449601 0.0111720449601 0.0111721690641
26400 0.0113342060907 0.0113342060907 0.0113349255233
26600 0.0117805721589 0.0117805721589 0.0117773343249
26800 0.0120372140965 0.0120372140965 0.0120352531252
27000 0.0118392605829 0.0118392605829 0.011837432637
27200 0.0117114260505 0.0117114260505 0.0117135241473
27400 0.0117519661691 0.0117519661691 0.0117504207644
27600 0.0117556881997 0.0117556881997 0.0117560523773
27800 0.011614352901 0.011614352901 0.0116156804404
28000 0.0114923350952 0.0114923350952 0.0114910431042
28200 0.0119216738768 0.0119216738768 0.0119219656211
28400 0.0121595630436 0.0121595630436 0.0121605572292
28600 0.0121411838747 0.0121411838747 0.0121401039935
28800 0.0121691738134 0.0121691738134 0.0121689989433
29000 0.0120184433295 0.0120184433295 0.0120171223439
29200 0.0117873745762 0.0117873745762 0.0117872647954
29400 0.011927740553 0.011927740553 0.0119264858047
29600 0.0120271485761 0.0120271485761 0.0120275922163
29800 0.0124875213919 0.0124875213919 0.0124881723471
30000 0.012561560448 0.012561560448 0.0125617296515