dist
0.24013994910941475
0.06097560975609756
0.14366010910894364
0.11329305135951662
0.15318539727988548
0.09550561797752809
0.16036830999424515
0.1542972022114257
0.2772375144222845
0.18055555555555555
0.09686905379692094
0.2696754942185752
0.27254287294855245
0.17325645249862712
0.06963107744930369
0.25576689599352487
0.09553758610362384
0.14371354504212572
0.08531583264971287
0.07842645953395139
0.2418070727643029
0.15769035961505995
0.31636363636363635
0.17515197568389057
0.21868109841651634
0.03975004339524388
0.09066799270677937
0.1192063750203285
0.12002192181220314
0.08658836383501775
0.2772735362164086
0.2897415818324197
0.1212281630492324
0.06406391317455531
0.14295168762409
0.15065828845002993
0.2860550458715596
0.19218910585817062
0.13563478588945482
0.12751558325912735
0.3663255813953488
0.30313882452074997
0.048219792542753014
0.12654267338779768
0.09648719128700721
0.10168589174800355
0.15531419705197827
0.30544177881802226
0.14061950017599437
0.06550062466535785
0.13722255548890222
0.12468285610728524
0.2622590875823372
0.25765765765765763
0.13185951708999685
0.1350503549612019
0.06622998544395925
0.1474147414741474
0.11043058648849295
0.12939521800281295
0.1439707286032453
0.17493840197113691
0.2913113620649919
0.09540343915343916
0.06980161645848641
0.29754547059862263
0.04323738407804408
0.2640873015873016
0.25288270377733596
0.25892255892255894
0.13011152416356878
0.0887662240787707
0.31155324440425053
0.17353951890034364
0.136691665487477
0.1369147547099422
0.11553648068669528
0.15418736692689852
0.11290322580645161
0.13057996485061513
0.1417045621241015
0.10379079667545105
0.20818815331010454
0.14911496513499017
0.10742909987669544
0.0477027027027027
0.2907515615555108
0.13559042113955408
0.23970818134445024
0.10861122271327173
0.26589912280701755
0.09213483146067415
0.2923754252551531
0.27610693400167086
0.1545603495357728
0.2821493258200845
0.310841546626232
0.11233827705900915
0.07045913947444413
0.16832669322709162
0.2946680790960452
0.20593461265103055
0.1491371480472298
0.1424102732960158
0.0954041204437401
0.11666388099615578
0.29258436047686404
0.2968974727758373
0.09685823754789272
0.30192755068128946
0.06518780620577028
0.09541792547834844
0.29495637369653116
0.30545320560058953
0.27868209452833886
0.32959970620639
0.23848131303144157
0.23842302878598248
0.18498259572352063
0.19107572671727457
0.29270511187920684
0.28107132109539573
0.3026083545793293
0.18638959390862944
0.2904991948470209
0.14462879168761522
0.2986599664991625
0.1147511953249513
0.10991636798088411
0.03697749196141479
0.0962904498816101
0.12652180613345662
0.10973282442748092
0.19180241723594324
0.16746069556931872
0.33955891118617126
0.24651444736310366
0.2867951720410737
0.08579261409450088
0.10412249705535924
0.20670708601743085
0.13662018592297476
0.11922739244951712
0.050262913702443554
0.13203602444515922
0.04972830561501729
0.18555614127569847
0.1085241485472388
0.19921808601053884
0.12067728511981633
0.299626204997049
0.09165549597855228
0.09550474412816923
0.15963470319634704
0.09904487766583803
0.1309814879497031
0.15097123186624048
0.13727660920449153
0.1790473017988008
0.23095151294203428
0.260538261997406
0.13490696071674707
0.14130434782608695
0.1429046194749086
0.10362608117099135
0.10996717397791704
0.05957700327673518
0.15591397849462366
0.22590656648154198
0.07450816241105065
0.10984411085450346
0.12872379551305627
0.11537908214645375
0.06984478935698447
0.17904761904761904
0.12005227781926811
0.2954788943646882
0.09601135109569604
0.2806177942136176
0.25122292103424176
0.2674471992653811
0.18921668362156663
0.13808909898295374
0.2965288035450517
0.09013922778814411
0.08985184005097976
0.31897163120567373
0.1415125495376486
0.17545126353790613
0.226139133695856
0.19038461538461537
0.1742861858392474
0.15698924731182795
0.14584046559397468
0.037929045284107295
0.09334341906202723
0.11208997188378632
0.21408555949934616
0.298134395942764
0.05057647963105304
0.29769526248399486
0.12647554806070826
0.25142766497461927
0.0523733948925119
0.27463972171608414
0.09840425531914894
0.1331850753644675
0.17565674255691768
0.14445331205107742
0.25337357954545453
0.28286219081272085
0.3099591309959131
0.24848484848484848
0.18154761904761904
0.26178101178101176
0.04605144810217665
0.2813998082454458
0.2570127504553734
0.055628487036429274
0.237567084078712
0.3008573655494934
0.1750561797752809
0.31710997924919826
0.2569854388036206
0.32496438746438744
0.10361707914060375
0.24361224887848645
0.09017685168972159
0.10624191461836999
0.24146836377052205
0.2569163565766057
0.0848840173336732
0.19807073954983923
0.14364207221350078
0.286128097843579
0.2869844873250095
0.03965728274173807
0.2565623876303488
0.2864902751007535
0.17000513610683102
0.07225229465756648
0.03933692935140113
0.11702127659574468
0.3002078216512375
0.15204585257124661
0.3140544808527438
0.17151319332256326
0.11801730920535011
0.2790325449048551
0.11423297785069729
0.04173512980611239
0.2053587814277849
0.3033950617283951
0.12765620044402157
0.14868243893056357
0.23940298507462687
0.14698331193838254
0.1125102207686018
0.08739985433357611
0.2361111111111111
0.2745058491327148
0.09234042553191489
0.11031710585082626
0.11484502446982056
0.07630522088353414
0.3070661586421891
0.10851338277974847
0.23560007705644384
0.2891354111639373
0.28105792512572175
0.11148232811675751
0.1095890410958904
0.11774488608015965
0.261993306061733
0.23354388297872342
0.27468619246861925
0.22412371134020617
0.13989637305699482
0.11047325679081489
0.14295223830920287
0.15509915014164305
0.07606159589360709
0.08354470513633482
0.27089527585067724
0.09850027772634697
0.1568582550950309
0.10447357751047438
0.2015222906850308
0.12005904543217977
0.28305332359386415
0.0712464137711189
0.24806451612903227
0.2332189168573608
0.3072888406583469
0.1364768129474012
0.09884348496530455
0.2788184438040346
0.0857305610937055
0.05397375588016836
0.09782763027119125
0.10174880763116058
0.1526990754548166
0.24809292649098474
0.20806390262457208
0.29866989117291415
0.1498371335504886
0.03997144896502498
0.21741501545173605
0.13402245589021564
0.2972329118563313
0.05532239603204884
0.301787796346677
0.07158207968259217
0.22850558411629143
0.3108403055656602
0.11302029328988299
0.28150977308470004
0.05845845845845846
0.080711743772242
0.08403154263183835
0.16223345790283578
0.0617056856187291
0.11745152354570637
0.25765076507650764
0.14051483849811444
0.19703131354209028
0.09308215925280988
0.16623231571109456
0.12717306186374314
0.2895297077607896
0.2109998302495332
0.12011779293242406
0.1872418540614961
0.10074626865671642
0.24378933421662802
0.046330405213941626
0.2871026523587771
0.12475801247580125
0.10346420323325635
0.24154397134898528
0.27130281690140845
0.14569650881437954
0.14283157329514945
0.04115439368448298
0.1297280400125039
0.12089168333809659
0.13730196831493038
0.07939366651658412
0.1232115805419963
0.30866322432587495
0.09016118200134318
0.054307394732926645
0.05600589535740604
0.1396623222748815
0.10117302052785923
0.08121908409127174
0.2775893035322291
0.08733031674208144
0.16341114816579325
0.07723169508525576
0.251264450867052
0.2680772391125719
0.06628169721315591
0.31790932933683025
0.09596312334124878
0.05408457773873761
0.25523774822372014
0.16137208516390672
0.27242130271233417
0.18065487391795257
0.29669714498973687
0.12099242790397938
0.06896551724137931
0.10807956345713783
0.2848902121324898
0.0786833855799373
0.27031144211239
0.14375230372281608
0.1426755640292342
0.09461018625350255
0.22917781344747637
0.05236338077666491
0.047969847524413224
0.05547468866246159
0.1484170781295382
0.276186815298866
0.11205406254911206
0.11228445395000668
0.10333741579914268
0.29815354713313896
0.06913744390892472
0.2650712458896602
0.09852827265685515
0.05674558436677941
0.08966493629070316
0.1971954425942156
0.09130434782608696
0.07145150931278099
0.2821765498652291
0.2744985673352435
0.275867966478536
0.11593959731543624
0.16360715924736116
0.11819856018751046
0.21787805718222528
0.28201359544368915
0.1868170602749383
0.3019660240503913
0.12083828775267538
0.10220635950681375
0.14438334642576592
0.27690198766278273
0.09306260575296109
0.2943044254812463
0.1521376085504342
0.07617916525279946
0.184622067767159
0.27457130907570054
0.09281369677855372
0.14398231311316845
0.12868676882517713
0.25650815688996875
0.23141137643176082
0.29104223433242504
0.2759512375323236
0.11914893617021277
0.15624051017309445
0.18951194184839046
0.13181586546628163
0.31348547717842323
0.0673076923076923
0.3053450339050658
0.09370585465390048
0.055146055146055147
0.13615870153291254
0.04835518179569626
0.26157452627466304
0.14837635303913405
0.23851983950066874
0.11737882114507685
0.28286784741144416
0.2848165416582201
0.1877804625474629
0.1404983947408653
0.07136471990464839
0.09916460396039604
0.2910887326619799
0.07356547327121138
0.2613371571966302
0.08913903255247946
0.2065093572009764
0.11652146857498444
0.09532401142685311
0.09980119284294235
0.04932301740812379
0.10517266083966184
0.14817379262593042
0.050705171255876424
0.24930956565402962
0.2258849971904851
0.1721951219512195
0.31281857655276574
0.0892242086271937
0.18218197135636058
0.13623445825932504
0.15570554073143933
0.15584813227189223
0.30593685655456415
0.122040072859745
0.15227722772277227
0.11183272612070332
0.09289998605105315
0.19091454872923755
0.2650773883650596
0.039135613408201465
0.11814464965458903
0.2669776119402985
0.15369161225514816
0.11330561330561331
0.051661158462341275
0.28964059196617337
0.24194095690532746
0.2884998892089519
0.04812518452908179
0.051963389430174194
0.15088487502280606
0.0860180412371134
0.3031460265502819
0.17339805825242718
0.11804844762879563
0.14982578397212543
0.2426484538038323
0.06647314949201742
0.12074418604651163
0.06389140271493213
0.1251092084571029
0.1862560234653258
0.05845835488877393
0.09432018834608594
0.09628291171915333
0.10117268337548861
0.08582615505090055
0.28417876673580994
0.16253174448134403
0.07981698017285206
0.15564625850340136
0.10656620021528525
0.09469784672377865
0.07808564231738035
0.1706508875739645
0.26588569400071
0.24324324324324326
0.12535963830661734
0.18986734856960205
0.15372200927980634
0.0895592740985152
0.2957248473159756
0.27949499346974316
0.30648492358529533
0.1622670807453416
0.183743842364532
0.2967032967032967
0.05962171052631579
0.2927905836194213
0.2846361185983827
0.070782901792554
0.31427530954115074
0.2535237737267431
0.08231751039724652
0.13869346733668342
0.28566621803499326
0.1697964024510773
0.3025127278699294
0.2166542473919523
0.07177256485940656
0.10873469387755103
0.11534995494142385
0.2121526337619245
0.30306558013193635
0.12454545454545454
0.10374078709497983
0.13723589842992828
0.08446455505279035
0.12480499219968799
0.10007880220646179
0.27617176536626437
0.1342682140554481
0.1419569403115701
0.25584868093578894
0.06025774991292233
0.2932330827067669
0.7880254777070064
0.15976171134578934
0.3084313725490196
0.08377294787929943
0.16272902603664416
0.1519867549668874
0.1575044333387071
0.3088788562829195
0.23495032144944478
0.07458445801960506
0.09707991803278689
0.1393961308985717
0.28475960645999626
0.06661462399167317
0.24653215636822196
0.30311259661583456
0.30856685348278623
0.12370359236434691
0.0664865676121867
0.19100077579519006
0.12769010043041606
0.305996637399589
0.15280276816608995
0.07962232243517475
0.2800642441276852
0.09416491963661774
0.16299483648881238
0.19078473722102232
0.0894543126900304
0.24489795918367346
0.15463268837501967
0.2723851030110935
0.2450793650793651
0.10301795492168599
0.0866779089376054
0.2573346116970278
0.2980464184337953
0.2694653749551489
0.16325416325416325
0.11009490940465919
0.15450708471510402
0.3169998231027773
0.24330616996507567
0.05765692087507667
0.15546666666666667
0.14737793851717904
0.13966731604975274
0.3026067245938799
0.1493040293040293
0.3022493994321904
0.06241194702733164
0.40690435766836447
0.12021479300190542
0.24790794979079497
0.2487185201693782
0.27078693392724573
0.2980093676814988
0.26377561169683705
0.34796831955922863
0.06103603603603604
0.1253221649484536
0.17383950385265928
0.11944113136820583
0.1119810633648944
0.09918813978115072
0.10454170107349298
0.09155261915998113
0.0826158940397351
0.07692307692307693
0.15262880253209074
0.2691276551866364
0.2970164264163594
0.1122334455667789
0.19648462021343377
0.2648759559783622
0.2852208689329213
0.27131221719457016
0.14954392702832453
0.2079866888519135
0.08406134731120171
0.04335806780154227
0.17613065326633165
0.23466516601012943
0.22757001509307395
0.04332075471698113
0.059770114942528735
0.15089612642127578
0.125533731853117
0.2876984126984127
0.04008769182586909
0.06908683831760755
0.17843866171003717
0.29414234726013017
0.14905335628227195
0.2891471341343313
0.14346413396650837
0.08487972508591066
0.10427764326069411
0.3011942395504039
0.28907148726376336
0.18220483157536577
0.2911073825503356
0.10225612725206946
0.08308183916208059
0.30569606333846494
0.1525759577278732
0.2496757457846952
0.11583519810451494
0.0855723639647776
0.09553386572020113
0.10634696755994358
0.06033717834960071
0.2635759142962689
0.0961021505376344
0.30119748325553075
0.1299084735754355
0.2949991581074255
0.2989649681528662
0.08372497824194952
0.08274515693047003
0.16120168529034623
0.17586261726824615
0.09682060135232341
0.24523209787693415
0.24286230574629564
0.085411051212938
0.2924908776646822
0.2778394376618572
0.12244897959183673
0.12251708247258859
0.15852707130597596
0.2544992175273865
0.06716617607706717
0.2452057345000931
0.2508611955420466
0.30015726802965625
0.16768811712631937
0.2604707511249567
0.28750923872875095
0.1194912217843067
0.30266019742345657
0.2707516921980762
0.15091210613598674
0.1723720084822781
0.2260491556595887
0.14942814520139233
0.15238828967642526
0.06891701828410689
0.13312693498452013
0.12938271604938273
0.09988279723922386
0.05966277561608301
0.18627755355479664
0.14859754175858808
0.06701553004726536
0.2620663650075415
0.15672322568874292
0.10096153846153846
0.2871953437613678
0.052212829438090504
0.06354766074555918
0.0943258971871969
0.14454828660436136
0.055944055944055944
0.17257478817222896
0.14943679599499374
0.2434149075284887
0.27258593884954224
0.15043791859866049
0.1756451612903226
0.2676382908247764
0.4719430485762144
0.13815557902147133
0.061001712328767124
0.29810034096444227
0.09760866295683561
0.04272942413883776
0.05944477972238986
0.12175685693106005
0.11055363321799308
0.2965040194428865
0.30034456355283307
0.09424958243855881
0.30131625755958735
0.10063325991189427
0.0941470054446461
0.29261312824181723
0.12099903006789525
0.10938310005184033
0.05887230514096186
0.27363097314265783
0.05080253276395229
0.23537777777777777
0.17656765676567657
0.1121999020088192
0.09702711532179026
0.1129798903107861
0.08710930275568707
0.0771461716937355
0.11358541324166792
0.08482278097546198
0.1850895594642569
0.2614452423698384
0.06661472536034281
0.2744298164287039
0.30986887508626637
0.15692934782608695
0.2751232054853225
0.044444444444444446
0.19332079021636878
0.24103139013452915
0.11312849162011174
0.10949868073878628
0.1282141599154632
0.2620459599703484
0.29298926695592603
0.12236350037397158
0.28973048327137546
0.04344179805434418
0.29627611262488646
0.10240440324449594
0.2804924971142747
0.09372017560603169
0.12950736414423566
0.28170257859413633
0.28140026928255435
0.16820892453218178
0.11481396941337595
0.08628428927680798
0.248720911041426
0.08090614886731391
0.10346295770650014
0.08321991055804005
0.26723777684914335
0.10842645726366656
0.2949979499794998
0.07691165553080921
0.06415893177007002
0.24575371549893843
0.28548289127353715
0.208967616938832
0.038557420641515704
0.1454912516823688
0.26475814412635734
0.0818677986658581
0.25751721820930623
0.08644039458284568
0.23014256619144602
0.22333775336237924
0.26511379800853485
0.204
0.1913057906089265
0.27789115646258505
0.04791861865881408
0.05009691367228269
0.15346075338652812
0.276043863348798
0.162890625
0.20795306388526727
0.09053999187982135
0.18222855785222142
0.28945997569022397
0.1962588163140141
0.051871306631648066
0.3142660234321158
0.08039189370554288
0.0968013468013468
0.21521739130434783
0.0917462482946794
0.11295369211514393
0.12074777811829604
0.2965904688105386
0.17684391080617495
0.0639412997903564
0.3480556044342777
0.11842105263157894
0.08129072292894818
0.15876389797253107
0.12672651933701656
0.24100268576544315
0.12602697256239342
0.220987899226344
0.2976624490671242
0.25614794412748376
0.07665854706978077
0.2333678756476684
0.2790857535659048
0.0995605138607167
0.07376425855513308
0.25629127253257183
0.0972393177422191
0.151011151011151
0.05859688553539894
0.21293089229754247
0.28654353562005275
0.20311850311850313
0.12158369035308021
0.14930015552099535
0.1378532772098617
0.24279669554704816
0.08608122179798681
0.2725761772853186
0.1568428184281843
0.13782203255887465
0.1841162839688224
0.2503183554666182
0.1204489854655346
0.07791986359761296
0.1386078816246414
0.209377990430622
0.2364624320779464
0.2581636573184787
0.18420499894980047
0.19954741822670233
0.0919435593991807
0.16279523716572322
0.08680458484763769
0.06304293869446513
0.3421509944004634
0.08966910836069715
0.3047619047619048
0.3011771900321052
0.09873417721518987
0.14917471192774837
0.30510585305105853
0.28496503496503495
0.05375626043405676
0.10238361862102063
0.1342169408897014
0.2642871074702555
0.06768363030380721
0.08945400149588631
0.159745377387087
0.1011977886977887
0.12065052950075643
0.09006433166547534
0.1679798298140561
0.1016145756184269
0.12990438509726343
0.2734424835211567
0.1188655194391332
0.08598865124399825
0.2808141726347531
0.275
0.08065927654609102
0.2757458284173268
0.09775586535192111
0.08959888869595416
0.2788928797802662
0.08244962884411453
0.154296875
0.31110335195530725
0.09900606686459275
0.24355891446238406
0.12430340557275542
0.20434548392889207
0.08416474801739575
0.1109366823652538
0.26757904672015104
0.2949773569370111
0.22628703856977322
0.09876249405045216
0.10267270337374032
0.09594000517196793
0.1357053459681745
0.215063202247191
0.7553488372093023
0.29181835600689787
0.14334593913200072
0.13290572792362768
0.17526740476637268
0.1430563301728946
0.17665153068697817
0.11351351351351352
0.1332842415316642
0.30760054533060666
0.29945006208976405
0.12322203922742926
0.0736642888338914
0.08036890645586298
0.28134196586227195
0.23736513344690516
0.13998499624906227
0.07945516458569807
0.16124661246612465
0.10984585474239689
0.07736063708759955
0.1519048384504099
0.15060352831940577
0.09179197994987469
0.1405087385360789
0.13462677725118483
0.1312457221081451
0.2766026684022128
0.11189414641162088
0.10151945232927033
0.2850893182646737
0.10292072322670376
0.2852373887240356
0.4583615436696005
0.24388724497741784
0.12151981657386178
0.26019916479280436
0.045656855707106966
0.22863444219812534
0.06947684105298234
0.2847669571807503
0.09679609014390443
0.2440497986085683
0.2418018018018018
0.29903660886319844
0.09256114130434782
0.28227943960620977
0.09610194902548726
0.11860670194003527
0.11568813131313131
0.2943878570001997
0.3242879137798306
0.15670926517571884
0.30036630036630035
0.2445631438382297
0.17523017523017523
0.1887188089746278
0.14834630350194553
0.7773404554399775
0.10974886296223058
0.09238634288844258
0.11378180115498673
0.04484433019137389
0.06354195135282864
0.09780722511437136
0.22138301443437394
0.14292558288086873
0.093622573805252
0.16505984042553193
0.15248679176534888
0.17305126739089002
0.06464104855525767
0.15180998712262125
0.17207265650340578
0.2248733108108108
0.29049881235154396
0.0848840173336732
0.2610619469026549
0.10746102449888642
0.2855985416244683
0.2973304694691623
0.15287049399198932
0.2118769534462905
0.10111366448647693
0.2711693548387097
0.16604142880443648
0.15714564242542406
0.2577785817655572
0.13206541059367224
0.13099520383693045
0.17683134582623508
0.22981478151411616
0.18298887122416535
0.0978636506440465
0.08483530142945929
0.1710954446854664
0.1030779095864059
0.2640352557961295
0.2808906734805621
0.11362850224835697
0.27334889926617745
0.08773959021810972
0.14923318914667716
0.08736426456071077
0.06111645813282002
0.1018698578908003
0.24186390532544377
0.041838968620773534
0.24491665140135557
0.28718674211802747
0.3384036916766365
0.11505840934549529
0.18074324324324326
0.09619722848855945
0.12767911818738517
0.11877209900353584
0.10659045057162071
0.2972287629052708
0.05026809651474531
0.1253063725490196
0.18346675379839897
0.11030096183679801
0.08621330360460795
0.3077219333718467
0.242181947405828
0.13064094179202093
0.16312433581296493
0.16183574879227053
0.2677266081871345
0.1459498905375821
0.08987417615338526
0.12307692307692308
0.214766201804758
0.11669291338582677
0.2586788335647689
0.10620315739116569
0.26218487394957984
0.11067883015830426
0.2720506730007918
0.2850959729017689
0.1638408594930334
0.15161521895190236
0.17589370452388484
0.3056910569105691
0.10984640702139331
0.09270490382949229
0.06838059899284389
0.3013015184381779
0.2936232413667093
0.18686371100164204
0.08492011381046181
0.12312766249828226
0.2139818753467727
0.32331352673890246
0.13562510689242346
0.08547669696383678
0.28642062511036553
0.14805081033727552
0.1630338078291815
0.08962466105323248
0.041660489251297256
0.13615396850644187
0.10516402448595197
0.07910618169955962
0.2715098147128967
0.06370569762225213
0.3080861958608918
0.08487654320987655
0.2973936288705725
0.13190025795356836
0.2715577889447236
0.26438535309503053
0.19061833688699362
0.22783461210571185
0.1973924977127173
0.10959698463322702
0.09703033190408131
0.27804295942720764
0.1347685048658213
0.09145167500962649
0.24751760245531684
0.2809734513274336
0.0474568021416403
0.11333559552086868
0.2971576227390181
0.10593290365228888
0.2608932461873638
0.055562445739799085
0.12266585699104296
0.10891451583379096
0.11925538103548575
0.11890099478919944
0.296875
0.23062217587765033
0.2766848816029144
0.10848549946294307
0.24189607427919857
0.17822349570200574
0.214485111662531
0.2978940911878961
0.13843245601279627
0.05285140562248996
0.2888395688015219
0.043966450216450216
0.1766375029557815
0.12510974539069358
0.40669661086157616
0.2434329256065771
0.2969881814715974
0.17593360995850624
0.26814899277841125
0.08833100883310088
0.12129779213785676
0.0727502102607233
0.07355409735998779
0.09691144027734006
0.08428818081933763
0.08475125587425053
0.1171470805617147
0.12789526686807653
0.2733481304422059
0.11885565669700911
0.2843786521231009
0.045424002150248624
0.18845559182271088
0.13079667063020214
0.09163437428766812
0.2637029101946081
0.24571428571428572
0.9056910569105691
0.13604408132243967
0.09641119221411192
0.08313651393481342
0.09065800162469537
0.25320938468348825
0.20562130177514792
0.1807248236048749
0.16720208046504512
0.1054945054945055
0.17193495340763748
0.11312929061784897
0.06494110353378797
0.0694843617920541
0.13470948012232417
0.09836612204068022
0.13193209377526274
0.1848816029143898
0.14635340186000978
0.13800080938891138
0.15245849297573436
0.06347101174687382
0.23327805417357655
0.15821439416945035
0.2781456953642384
0.2846024400504838
0.1462298682284041
0.06089343648614924
0.16534269351561057
0.11350122420426723
0.12523689197725837
0.16525295365040896
0.27734827986084265
0.11544663011931634
0.21061093247588425
0.1060782681099084
0.288117989198172
0.27621009268795055
0.16756341275941583
0.14737952866690116
0.14643449419568821
0.30572796595140983
0.19263980263157895
0.08095854922279792
0.29076233183856504
0.3131868131868132
0.10067219008910427
0.17674680691209615
0.11087975013014055
0.2909967845659164
0.2070228349849203
0.15104311543810847
0.09625435540069686
0.12803212851405624
0.3325925925925926
0.09954545454545455
0.27136129176945506
0.08243441203888667
0.19077678414869367
0.08001630213286239
0.10707144155608071
0.044427480916030535
0.32388451443569555
0.1047405957208782
0.301416532185763
0.16830583756345177
0.14090407938257993
0.07692307692307693
0.21617293835068055
0.1021377672209026
0.25207485760781123
0.298326359832636
0.05359930615784909
0.16202135972909612
0.152276295133438
0.2321465750572559
0.2422085417468257
0.2883179622310057
0.28484848484848485
0.2665379891208984
0.04870577423801501
0.10955497382198953
0.18676716917922948
0.20156220232425223
0.09412528399870172
0.03890764939069153
0.2915106117353308
0.07479861910241657
0.15610972568578554
0.24583333333333332
0.10242518059855521
0.12760609197101877
0.19198827552515876
0.1378504672897196
0.2875882946518668
0.21753713464302826
0.14913925345150844
0.12316143895091264
0.1397733405288721
0.28093369138607727
0.12831928764509462
0.2540965698055495
0.14714714714714713
0.27352214407907244
0.048998459167950696
0.04414237668161435
0.0819648306932132
0.13808849000157455
0.05607200826324332
0.13342503438789546
0.04620075046904315
0.041550022101075584
0.07978186225005049
0.3039383561643836
0.2796961325966851
0.2680574690021649
0.1929905464606871
0.11029207232267038
0.05574812247255921
0.052047096601552045
0.1776943080034672
0.08975248669905159
0.3099815157116451
0.2952859013531209
0.09218106995884774
0.20939086294416243
0.23495592180912228
0.3024599636783886
0.24595893403232852
0.28323806011432784
0.18455284552845527
0.19473373943800354
0.25264329437952143
0.31598733676296004
0.2051357733175915
0.10868897758673626
0.2196227783822996
0.15888795282224094
0.09851621808143547
0.23556093135772604
0.1173370319001387
0.2865930884747603
0.25457815565729236
0.11627906976744186
0.2917527709938005
0.09634628810798232
0.20733517065931736
0.31513234559680375
0.04349057940218161
0.10946471568809038
0.193859649122807
0.2839266831159676
0.3125232255667038
0.34771700953336676
0.10211504782432979
0.24349315068493152
0.27256276860438816
0.07340787554691298
0.07237299930410578
0.23372875921769798
0.19433288710397145
0.10086083213773314
0.29670765569218566
0.1618152232869282
0.12519950345805994
0.29295884532865224
0.11121239744758432
0.308634884166188
0.10506448568732306
0.2743866535819431
0.147656691134952
0.08651048843974889
0.26766639276910437
0.061022709717287196
0.26922300706357216
0.09984051036682616
0.10039893617021277
0.09736989367655288
0.07514541738720328
0.0895935960591133
0.24517374517374518
0.2579965523846007
0.2348916761687571
0.0809100497212596
0.09919571045576407
0.041468819246597025
0.2981478151411617
0.12946428571428573
0.06976377952755905
0.10312336415983249
0.2830999066293184
0.20007268762493186
0.15719114935464043
0.1189749037312442
0.30633223684210525
0.1481170141223941
0.19663669663669664
0.126575720946296
0.1488593155893536
0.16201751540707104
0.29217423403469917
0.12356640769515354
0.09547595261880976
0.2740206587409862
0.04482417038137692
0.05016256386437529
0.066511762997386
0.0822697481890307
0.300588977702987
0.30238290879211177
0.28262910798122065
0.14253486464315013
0.19517102615694165
0.08228442607552132
0.06591015078501476
0.14290291573213715
0.18834981458590852
0.09425600818135334
0.28792569659442724
0.1159274193548387
0.26248164464023493
0.25166080500195387
0.12968540829986613
0.059395801331285206
0.1421907394609537
0.30126432240221257
0.14377974167233173
0.18841309823677582
0.29571178064721826
0.15427040655531044
0.20635575732562939
0.30335422042019905
0.3087365885701774
0.3173304237134024
0.18387208898157803
0.10732451678535096
0.31134094151212555
0.10253777321402377
0.2391424875254112
0.039328859060402684
0.14761462205700124
0.25850771507080955
0.2676928853012953
0.08686131386861314
0.14466170617753937
0.27239709443099275
0.2445880452342488
0.21643835616438356
0.06720837350227242
0.07541523267993416
0.261441647597254
0.23953447976376585
0.2825355272999252
0.15371165156572883
0.1637787799667695
0.2513533020570191
0.11902811902811902
0.11456400742115028
0.11875547765118318
0.14480111653872993
0.22156994297215699
0.2428193114687309
0.099721059972106
0.13759135684779156
0.1333977767037216
0.11131353616323557
0.11463994565217392
0.27727645611156687
0.1638714185883997
0.10935558317060182
0.13017982799061767
0.2606354334948842
0.18047493403693932
0.12120706902300767
0.1918158567774936
0.06993006993006994
0.32084309133489464
0.24848607186112232
0.35105714883818295
0.13714849531327084
0.2704900492189172
0.09422492401215805
0.12541976930938822
0.14457831325301204
0.12761259935236974
0.2865370770338373
0.2721276595744681
0.11041448972483456
0.3103264726756565
0.08357963875205254
0.27683711479851
0.15116044399596368
0.1901840490797546
0.1005729794933655
0.10658307210031348
0.1923679060665362
0.30464101547005157
0.16973959323322563
0.10595004209935448
0.10378681626928471
0.1154799273087725
0.1514360313315927
0.27260432766615145
0.10125260960334029
0.11293994046576782
0.15401122482667548
0.17146356399265156
0.2940231935771632
0.18128654970760233
0.10353210353210353
0.15861466821885914
0.10899728221999713
0.10196258816314015
0.2740538806927518
0.16322657176749703
0.12144790257104195
0.11056231003039514
0.26367435944030526
0.08608941332890145
0.07410606322335464
0.14653807398877214
0.3191901408450704
0.08209606986899563
0.08733833626057799
0.09189524252285759
0.36613230145568454
0.2680244399185336
0.09446505875077303
0.10181543116490166
0.1933873986275733
0.11834319526627218
0.13798396725225995
0.2724790325726546
0.14985994397759103
0.057673267326732676
0.2987438558164937
0.15273860768888228
0.0964340490797546
0.18446859263185794
0.10869895248216184
0.1447129909365559
0.1322925225965489
0.059975010412328195
0.30196523053665913
0.07787750791974657
0.2998215348007139
0.25706654796349876
0.11463022508038585
0.05840114887505984
0.11400153022188217
0.2545425309535295
0.12107545533391154
0.15401785714285715
0.11701608971233544
0.05985634477254589
0.10161888043690268
0.10324776627428733
0.10062130625852402
0.2931757529546321
0.10860058309037901
0.0863013698630137
0.19143054595715273
0.08423550348509566
0.11134763386278042
0.04800380228136882
0.10643131772107654
0.2882846861255498
0.23106947697111632
0.13659420289855073
0.1476161369193154
0.315632569405627
0.04233000123411082
0.3276991337418128
0.15510621960583568
0.13485947416137806
0.08396808124773304
0.1191319751992914
0.209741039272852
0.2980591497227357
0.29479546763971576
0.28689492325855964
0.17755523764107456
0.19094740700018326
0.0965977090100872
0.15433012583271652
0.14573956231569143
0.31494896279222917
0.1554021512281265
0.10104431272932543
0.09538367471721186
0.07943338712569482
0.13989169675090252
0.23414366660573935
0.13542361574382922
0.183991683991684
0.16500746640119462
0.2460661345496009
0.14969413458078445
0.15910803073677868
0.2917816946273094
0.09520746220649727
0.06719298245614035
0.10993799229093347
0.09432739059967585
0.10393258426966293
0.3052869779880683
0.17899482384371349
0.18485000837942014
0.03789782244556114
0.10927770859277709
0.28600364593882927
0.1806864064602961
0.09439754412893323
0.09320722269991402
0.254614010716412
0.10119726339794755
0.25756235627100654
0.26877470355731226
0.31162487788993815
0.2663764961915125
0.09045629820051414
0.3051535474761737
0.19280762564991336
0.13718875502008032
0.20955402127262548
0.31123517096999304
0.17380759902991108
0.26703048550997366
0.2933928192054387
0.11696295065625519
0.1051300070274069
0.20537855429941762
0.06330352152040246
0.25038746340623386
0.11818181818181818
0.195562435500516
0.11861346813504242
0.10140845070422536
0.25547445255474455
0.24336604870956016
0.10722784057108864
0.03812316715542522
0.2385496183206107
0.1211031175059952
0.09639934533551554
0.211781206171108
0.194296658863588
0.2018695306284805
0.09246275197195443
0.04804572841031979
0.1460124518233027
0.12092686459087618
0.09969495285635052
0.0981838819523269
0.2501238236750867
0.2022977022977023
0.14421069535892084
0.09147230320699709
0.08922277870524949
0.12540510074679442
0.1595075239398085
0.23458646616541354
0.3171899946780202
0.06175115207373272
0.039078448527267426
0.11366610581417087
0.1449074074074074
0.1274696048632219
0.15848702719599875
0.07479174212241942
0.03316378433367243
0.23772169167803547
0.10896243956861287
0.049516505501833945
0.15109343936381708
0.10650980392156863
0.15944645006016847
0.2402908610147083
0.044495715227422544
0.133442088091354
0.23769507803121248
0.10970942593905032
0.13879677877783042
0.10868812737971617
0.21478540366799018
0.07648026315789473
0.2142397598112803
0.08659061155788292
0.10486956521739131
0.27255709472107825
0.12248967383563594
0.08429203539823009
0.055044464888071146
0.09707561861913826
0.14972386991204745
0.18035847647498132
0.15595716198125836
0.2604495960660344
0.6907689101896228
0.2801317233809001
0.12845061432902505
0.18418150307231762
0.30495914877446323
0.1319935691318328
0.07952934505245252
0.1167611622962438
0.3160741885625966
0.20026569246097642
0.2805713167677558
0.15974282888229477
0.16971409574468085
0.18102269619907027
0.0926278563656148
0.1917914300464636
0.18922115222165906
0.04184914841849149
0.11640583787585722
0.2596107447321859
0.04697574455019957
0.11764705882352941
0.1151768836078855
0.16655393980385527
0.12169576059850375
0.24629830263633082
0.08865919347794439
0.3018867924528302
0.2991869918699187
0.10954575378538513
0.33997077091706246
0.11261413594859655
0.278040786598689
0.2886995333739095
0.23897734231475812
0.1930939226519337
0.1657250470809793
0.08261886204208885
0.10981113153936152
0.2092245989304813
0.10019611338919593
0.13868092691622103
0.1407035175879397
0.11906259830135263
0.2661336379211879
0.054529616724738675
0.14795474325500435
0.1694467382328654
0.15508365508365507
0.11882550848753633
0.071372446306967
0.12084921066956995
0.2903737259343148
0.09426470588235294
0.09990889766170664
0.2531155271135062
0.229064039408867
0.11887141535615171
0.29186421391996964
0.09410155062328976
0.1474004424778761
0.1667705735660848
0.05788397648862765
0.06852791878172589
0.06202414113277623
0.08921729611384784
0.05149114631873253
0.2703058204537981
0.293036750483559
0.12516447368421052
0.15756404059932336
0.25938009787928223
0.1624515835042151
0.3113592060960482
0.19561920808761585
0.3305951383067896
0.09868796349115802
0.09497045683816112
0.3005511539786428
0.06611570247933884
0.13479118121527156
0.24062073669849932
0.12417138237671786
0.17651757188498401
0.2175732217573222
0.08941925218774861
0.09480325419226299
0.26964499401675307
0.30212994451405045
0.09304207119741101
0.07502270663033606
0.28090737240075614
0.18568273831431725
0.11180210060807076
0.06427101472217825
0.17306008057453146
0.2504717790358552
0.23873204556711244
0.08953507474946608
0.12267788293024887
0.05718063130061147
0.20365168539325842
0.18061674008810572
0.10178317816001263
0.3272695772695773
0.3135664808244636
0.038274408044112876
0.11427260211106012
0.09390186549615927
0.2495650492944133
0.26135643355165855
0.25983358547655067
0.2695327836670593
0.17233835683033544
0.15866666666666668
0.14580120566381607
0.1450135685210312
0.163185600271693
0.1482022266837014
0.2709284627092846
0.31487286659700453
0.1309739866908651
0.053876125218325945
0.057667934093789605
0.11194429566148902
0.14116137311517485
0.13564796124343964
0.11416184971098266
0.2422608695652174
0.09591474245115453
0.2537403962798221
0.29696531791907516
0.1852851839352008
0.25239077442340146
0.053651534182666424
0.2967159592855771
0.11580139091056121
0.10790564233343959
0.11398100316613897
0.05837291251723609
0.1252676659528908
0.13245334547109694
0.16229348882410108
0.07220333495224218
0.07950920245398772
0.089632506722438
0.04278710444213341
0.1640396964389959
0.283989092325672
0.29616020576887747
0.15150888797023562
0.2785885830408276
0.08632819927742917
0.23049777117384845
0.2511401163704985
0.31072375899962107
0.17147955872809864
0.133559806901484
0.2553264019089824
0.04703068951773615
0.1434228650137741
0.2613093048915042
0.12729374367865914
0.14153079710144928
0.059699129057798894
0.1924267249226288
0.09018817204301076
0.2609162491052255
0.0965081110805609
0.17598160594269543
0.12790484903934127
0.058527266411948595
0.10879010695187166
0.11112742219612448
0.05339925834363412
0.2786526684164479
0.16823326299635527
0.17082721488007832
0.29397118975635783
0.2664835164835165
0.2690479840564158
0.2740860432235912
0.06025824964131994
0.1901913875598086
0.0979703356752537
0.12307476897227668
0.2885458691457639
0.18302180685358255
0.07887771307570143
0.061383061383061384
0.1398029373489496
0.27356456986086614
0.1046782114241406
0.26640639524075105
0.1088611449451888
0.21588712794742945
0.30425680390788556
0.26020317234004636
0.29717796122096374
0.13458778504225802
0.0918464769906435
0.10163479333744602
0.08746859296482412
0.19624217118997914
0.283999212753395
0.16254735702688075
0.14144050104384134
0.10146211785556047
0.27454718779790277
0.16315495058735782
0.2937797147385103
0.10329739021722144
0.33073862653520153
0.3418160786581839
0.29850746268656714
0.11893501488877212
0.1557918479136459
0.28925108314421294
0.31614996395097333
0.3078817733990148
0.17211404728789986
0.29477707006369425
0.204607291855614
0.17734495130702205
0.0930529904816025
0.2510681586978637
0.28079543362180076
0.10210163111668757
0.2752676465251316
0.2705444007451873
0.3229845626072041
0.08969276511397423
0.19384107781138302
0.18160837919403516
0.1194587858287342
0.15046858729607776
0.3101555352241537
0.2702368328031106
0.2911813643926789
0.26249804105939506
0.16351219512195123
0.06565656565656566
0.2591549295774648
0.16126963770439243
0.28248998907899525
0.1799302473050095
0.2314709236031927
0.03343256239981681
0.11031096563011457
0.11448409494590667
0.28430141287284144
0.1723345588235294
0.2441818181818182
0.09648195681715235
0.15109402720283854
0.12248854423686993
0.24852992044275338
0.21225983531564502
0.29984514130855594
0.14876331467773968
0.15819947702652223
0.2538593481989708
0.14416607015032212
0.23964811163355074
0.26187079682086817
0.16233108108108107
0.2767026423520655
0.2881008668242711
0.11863129333735303
0.20782241014799155
0.1800595238095238
0.30354505169867063
0.2190965092402464
0.11762767710049424
0.11858760826115923
0.11984346975379097
0.2675680822700438
0.037561736417988045
0.26966518757563535
0.0924327912379688
0.2399931283284659
0.14404720583130856
0.30314157486740106
0.2987948035686336
0.12271241830065359
0.2158220925993438
0.18090609813450384
0.3181345353675451
0.10817557728312877
0.09752616555661275
0.29983342587451417
0.22823799502582742
0.05957579538365564
0.29519918283963226
0.2611252695549892
0.0686625447445493
0.14328638497652582
0.09366754617414248
0.2574089754445385
0.1467972871137905
0.0691533948030176
0.09839589879278982
0.08854681542155063
0.12845718093968678
0.09616220130340333
0.14563301282051283
0.14210019267822735
0.34937946596464836
0.11464206389885528
0.09292215731558212
0.1007029876977153
0.10192336816598516
0.6423017107309487
0.11278328611898017
0.29563168388617
0.06535511837279093
0.1840173960315303
0.13065236818588025
0.2362389460386212
0.12360961607463222
0.11414213926776741
0.10436794121649204
0.18478260869565216
0.2784636488340192
0.1811606681591183
0.11483788532183357
0.0815004262574595
0.13839285714285715
0.09067562228368234
0.10521371535932363
0.06225563909774436
0.3086115992970123
0.3278358072200843
0.1598848368522073
0.0984447103059306
0.17927256125399482
0.2836098619941076
0.24758574758574758
0.2536964980544747
0.17957805907172997
0.2869582426281417
0.27794117647058825
0.18010865022983702
0.054856567689984904
0.1212481426448737
0.2956378299120235
0.1100855848296694
0.18695106649937265
0.09594775619557937
0.11564742056713358
0.13560141889712995
0.30035879036391594
0.18376916140667268
0.18535430407576525
0.26062811183454615
0.08542199488491048
0.2993946064942212
0.11871295512277731
0.1786480686695279
0.11359285258455648
0.31884845192829986
0.06479376420915882
0.25
0.2642757660167131
0.20293847566574838
0.2768984527832118
0.2907851022906102
0.11681741529970872
0.167145468790807
0.131885593220339
0.17759562841530055
0.13685051958433253
0.1369104449112087
0.10680332739156269
0.10909420947540388
0.16686692700510664
0.14871886758645403
0.2691029900332226
0.09333569029520948
0.29678362573099415
0.18673076923076923
0.13163335630599587
0.11268839817735717
0.10411622276029056
0.1024315259921744
0.05612071888775856
0.033573737876150214
0.26724726775956287
0.238676844783715
0.29658190912880367
0.12634720610180733
0.2171259842519685
0.40019175455417066
0.13808237677245105
0.31819017840720987
0.14866018091824543
0.2960736426826977
0.25699745547073793
0.09877551020408164
0.1488339222614841
0.2651327433628319
0.2875278778521187
0.2592456975466862
0.2768459610564874
0.2790421531763309
0.1190842040565458
0.16103286384976526
0.03666666666666667
0.3051077293958114
0.1080453093232646
0.29462738301559793
0.08551118544846331
0.06577462518136386
0.12484006580149881
0.09598282735357253
0.2603930461073318
0.09938405193940403
0.1208635360857233
0.08418708240534521
0.2874493927125506
0.1120586730342828
0.13736017897091723
0.12404822335025381
0.149873417721519
0.043620812544547395
0.2927461139896373
0.15619941728714795
0.2937511799131584
0.11514372892243456
0.28157894736842104
0.20984872867718057
0.2530959752321981
0.26403326403326405
0.11576163062081843
0.22433116413593637
0.0986069807481609
0.1558338302524349
0.19540229885057472
0.2960851387305207
0.25294550810014726
0.30110964829791237
0.09714707329070339
0.11268382352941177
0.09184525466184247
0.1365231259968102
0.12633832976445397
0.15034730002240645
0.31107110711071106
0.262750545743203
0.05116796440489433
0.09524551831644583
0.08367375686716438
0.3032569736637058
0.23252618924952773
0.0876008804108584
0.17321652065081353
0.2905525846702317
0.18507514854945822
0.09558369363804818
0.15457207940123657
0.29583975346687214
0.815015015015015
0.09038302562689446
0.13812824956672443
0.3022237196765499
0.06727656579873328
0.21143077814249855
0.04468412942989214
0.08590138674884437
0.07709251101321586
0.1953210010881393
0.09990972013241048
0.28578654527061204
0.08931139159610162
0.16856950973807924
0.2838541666666667
0.09810874704491726
0.17931654676258993
0.1715046604527297
0.08920265780730897
0.09395732472655549
0.04434941967012828
0.3088318019876242
0.09633333333333334
0.17733990147783252
0.23125270914607715
0.10748595251042233
0.12588996763754046
0.37567239285094567
0.2791983413959917
0.29827315541601257
0.2584634096898439
0.10773418008618735
0.09034749034749034
0.12289719626168225
0.11021974189047785
0.24595759971254041
0.09219858156028368
0.1524047470331043
0.28957208142916496
0.10954446854663774
0.16611387506909894
0.15597516813243661
0.10670778720123361
0.09803921568627451
0.16515065378055713
0.3063457330415755
0.31196666005159757
0.14206310282818374
0.32938125231567245
0.1382661859225584
0.10636060977746627
0.12270138323840521
0.12571123755334282
0.18261413383364603
0.24862204724409448
0.18243778728800128
0.045061523112736944
0.1241852487135506
0.2835658914728682
0.159611845407395
0.12763377292708808
0.09671772428884026
0.10755024443237371
0.18275538894095594
0.10456490727532097
0.09675090252707581
0.09208683473389356
0.04926722793888369
0.17737202477991523
0.11368421052631579
0.23642358417377812
0.28174235403151066
0.06416823941763279
0.2172514171901333
0.28627838104639686
0.07880220646178093
0.15271372827243704
0.15261678960309097
0.2544975866608161
0.08790650406504065
0.0931841601648756
0.23918083462132922
0.08052568697729988
0.11388539608406682
0.4038614967288974
0.2900329791132283
0.08611353711790393
0.09127174086484761
0.1432271826908426
0.11261261261261261
0.1401124648547329
0.3010928961748634
0.2652542372881356
0.06287989939216097
0.20519679021780665
0.3114926419060967
0.15237942637397853
0.061323112814530914
0.2646809950922322
0.08559498956158663
0.10651737008326155
0.2815184815184815
0.29025778372949446
0.13934606100504718
0.2765158290109104
0.28853681267474374
0.8895226658661063
0.09869791666666666
0.3091051191871825
0.17207792207792208
0.05978812944420258
0.14416961130742048
0.1646362687086669
0.1261558784676354
0.1034537895746722
0.10239555945077418
0.06351163866193926
0.3435463990139109
0.14208340855750135
0.04376614987080103
0.1862913622690159
0.28537258509659613
0.30559631104590235
0.06939590614078882
0.14534508707804772
0.24616677168662046
0.037652878933626496
0.13639260675589548
0.059722222222222225
0.2635524798154556
0.3062730627306273
0.08168927250308261
0.16972878390201224
0.28904646389251726
0.30963605506317177
0.23661867847914358
0.0596865621873958
0.16674364896073904
0.04471997770966843
0.14568158168574402
0.09837215829357283
0.24845559845559845
0.29626998223801065
0.11207353721053562
0.17803715272069703
0.29267791032496915
0.27010653854188427
0.06871696299855838
0.07884028484231943
0.08134882834825681
0.2890184645286686
0.29838855694369004
0.2678998911860718
0.2916587497624929
0.22199383350462487
0.10055786010585038
0.2360130831468411
0.2999452654625068
0.2787207432553154
0.2855715427657874
0.2893835616438356
0.049156901971992
0.25689984377712205
0.056333277112497894
0.09923312883435582
0.1692463841664552
0.1014143362262938
0.2001067235859125
0.05358737719559393
0.2681826385129038
0.2771326485037963
0.19845523329129885
0.10059253134904231
0.3037095501183899
0.11924164310660236
0.23923271806007962
0.06639935846030473
0.2940112540192926
0.2020651953836809
0.08777520278099653
0.23619355999280447
0.29122215983529853
0.1514637904468413
0.287292817679558
0.2406707216833799
0.1515227787566071
0.09822534048699959
0.14367816091954022
0.10075523515276348
0.07300710339384373
0.0992275698158051
0.2823866690557248
0.27495682210708117
0.14332151300236406
0.15604640076275225
0.08399149453219927
0.053183738889698386
0.11170051530766899
0.04813845258871437
0.2977452302948545
0.14554851617205736
0.06586545965350397
0.11222627737226278
0.06574974840657498
0.1574338473253379
0.10276618760624325
0.3158578856152513
0.29398663697104677
0.052303583351880706
0.1231239208394209
0.1297451434681875
0.19688145782453503
0.1012987012987013
0.146233803217998
0.18836255128683327
0.14408602150537633
0.1282557221783741
0.15594910591471803
0.09138623031799938
0.13675017237416687
0.09486096444913762
0.29274193548387095
0.2964863797868141
0.15351724137931033
0.1959272439699486
0.28672150411280845
0.04629168740666999
0.06143344709897611
0.17636927316569068
0.26663893510815306
0.061273336524652944
0.3055392444705422
0.27358970015246487
0.08185125303152789
0.11917494270435447
0.27983376212151195
0.29829378309472443
0.28777416734362304
0.3034575360859349
0.10729806683650532
0.2437353171495693
0.25507819521840736
0.08759905761405012
0.26323218066337334
0.23987872302479044
0.1562817130099452
0.1784011734506784
0.12253968253968255
0.1813457330415755
0.11196911196911197
0.2862705264939902
0.07012241196917032
0.2603194358017009
0.10105059441526126
0.27732027598486536
0.330939226519337
0.30433940333204185
0.2541456380677722
0.05634222685944254
0.2978303747534517
0.18940858136838037
0.24909871244635193
0.05809414466130884
0.11721432074546347
0.14840843323687475
0.09105431309904154
0.24183310109924136
0.8281120044358192
0.18580715059588299
0.09585238406270412
0.11820781696854146
0.5329341317365269
0.10286992172940738
0.060782411897833816
0.29987802753092874
0.07065767284991568
0.29016503873358035
0.1042956293378353
0.12143366619115549
0.7180232558139535
0.13288464548442636
0.10954836693233318
0.2004922377887164
0.15421092564491654
0.09900452488687783
0.26938413823659724
0.05089020771513353
0.09564015965612527
0.27632476688651353
0.177979797979798
0.05056360708534621
0.27534298780487804
0.11929824561403508
0.3069460613116026
0.08560509554140128
0.17567567567567569
0.05944358043891481
0.29874421678783875
0.09961290322580645
0.2779984114376489
0.30099344747410695
0.09122026356323806
0.07927240062878958
0.03301258327165063
0.30361305361305363
0.26114029966919633
0.08535980148883375
0.15540728384765082
0.6264441591784339
0.2807998279939798
0.19357235742151216
0.3160621761658031
0.13185975609756098
0.19709870703248186
0.32466814159292035
0.11039188243526941
0.23564393235458092
0.10683601045946955
0.27758793969849244
0.10443514644351465
0.14734965148322257
0.26136363636363635
0.1449423441833309
0.14338055691255497
0.1419220470098185
0.11681388973499848
0.2330660296877666
0.2643737166324435
0.2982484858405631
0.09464313602998595
0.11926237722990579
0.31126885536823423
0.10863618601016022
0.2680392897619947
0.26543589743589746
0.28767403767403765
0.032539311848046086
0.2586696986924389
0.26898009512066234
0.11814478219993732
0.13554410817772053
0.2351586035796562
0.3102129983615511
0.2997815230961298
0.2738887889148821
0.24483204134366926
0.11291379875450672
0.08843745226821445
0.29702776691435273
0.11906412478336222
0.3058823529411765
0.11962094143234427
0.10753846153846154
0.3614546797120177
0.10772833723653395
0.2902524661427855
0.22452830188679246
0.29886755292959133
0.24082037710883228
0.2700718015665796
0.19684655396618986
0.10052622028669933
0.25143422354104844
0.20676818950930625
0.22759129472519365
0.11667626175398196
0.049766112266112265
0.1871069182389937
0.101195095452429
0.12246302029583764
0.10831837223219629
0.08618832148243913
0.057890800299177265
0.30259134073716404
0.08109538298716762
0.31190609278926773
0.26807727690892363
0.2941068814055637
0.24315527474631438
0.2914317925591883
0.10118947897470262
0.09908088235294117
0.14058405091725945
0.3262216104611149
0.03343653250773994
0.10015360983102918
0.09786939199722848
0.16501766784452296
0.15319723300151847
0.10119250425894379
0.2897196261682243
0.3106674984404242
0.18309859154929578
0.08429909509445944
0.2303550059832469
0.30484330484330485
0.03936425799297727
0.07121879588839941
0.062021439509954056
0.2558098279226539
0.11958724894048277
0.12267232930414897
0.2508231648266512
0.14611338398597312
0.07501769285208776
0.14403758911211925
0.2531626506024096
0.06726386924406727
0.07096343296042745
0.18052946199829206
0.18738049713193117
0.09769837437630774
0.11613899613899614
0.1383859649122807
0.1003826906093612
0.2748
0.2957212493229825
0.14751576680510692
0.262533692722372
0.047285464098073555
0.1386703686564862
0.2759699624530663
0.26066169439663417
0.29481923220275813
0.18776758409785932
0.2226691042047532
0.156288532675709
0.08234705784297383
0.09073330358470921
0.14321955719557194
0.08236729713239781
0.21545293072824157
0.10255575451733681
0.3104815864022663
0.09458823529411765
0.18350249718060255
0.21857233101705623
0.23928395467236
0.11774461028192372
0.20605504587155962
0.2626201923076923
0.21257999063524272
0.03881450278321047
0.08621236133122029
0.22939560439560439
0.04785100286532951
0.08112
0.12427796254157185
0.1150709219858156
0.24096622152395916
0.15085536547433903
0.29291740239356484
0.10085124801615929
0.11598302687411598
0.28738197424892703
0.3113749521256224
0.12883435582822086
0.2182933429550785
0.2846225535880708
0.24844595949468617
0.2798172621961168
0.05694887072190661
0.10051079255231504
0.0928030303030303
0.11700955180014695
0.24857853589196874
0.14045736871823827
0.3094604863221885
0.0798444976076555
0.11683111683111683
0.28870800138552133
0.21522693997071743
0.2508414526129318
0.2989985693848355
0.2860368837034249
0.14265335235378032
0.27469426152398874
0.0912313145322854
0.21329895008288818
0.11674322825914779
0.2533550223668158
0.2919986144786976
0.15019762845849802
0.06280514869063471
0.28394789136674764
0.09099181073703366
0.2470067246186649
0.13038338118561055
0.2689282202556539
0.24111675126903553
0.13180206566980113
0.0427807486631016
0.07347906241769818
0.17437125748502993
0.18915321909831975
0.5893263911487147
0.25276787389754174
0.2987938596491228
0.27807672279118206
0.05067064083457526
0.2857142857142857
0.18028218080473785
0.31943746860873934
0.09619172685489166
0.319047619047619
0.27314181486548106
0.29057685417413115
0.29889112903225806
0.03957986422441399
0.3397516645672125
0.0911781285231116
0.135901283975321
0.08666666666666667
0.1778975741239892
0.1874318924809299
0.22904138662893528
0.17285657842749902
0.32732732732732733
0.06052465233881163
0.07192839707078925
0.09631093544137022
0.11719470932020917
0.0661042944785276
0.2119535141117875
0.11493366244986115
0.226221928665786
0.07723577235772358
0.30993218986836857
0.24718270829484573
0.15158234226970368
0.11580574520159732
0.217
0.10924764890282132
0.25420246544639524
0.23450616181460976
0.11195354089369253
0.13395810363836824
0.28283388827229006
0.2333898305084746
0.12173913043478261
0.12193297426690604
0.08460877042132416
0.2878338278931751
0.27928524156187956
0.09036295369211514
0.25224913494809686
0.1732506643046944
0.29699586256520955
0.2962816455696203
0.25420653249752556
0.042022548684660065
0.11107559533322679
0.1147156537033418
0.30651925276401065
0.10095626273710613
0.08087291399229782
0.12475140119327427
0.1296612581838884
0.18409608614620004
0.2689795918367347
0.09280109177755032
0.14350990015231005
0.20411055988660523
0.22761372705506783
0.14498904709748084
0.3099027409372237
0.27339719970523213
0.19450571485863244
0.09247472856608012
0.06445068664169788
0.04908424908424908
0.11276196434157022
0.1177190834353682
0.04098146697990081
0.10233576642335766
0.11416339636104174
0.15226469643430773
0.2301616458486407
0.2586915887850467
0.07596552824768592
0.07368092413362473
0.14570179698882954
0.06665595888210729
0.2955051179350245
0.1576394502829426
0.26367265469061874
0.1062876347850441
0.14813808100027182
0.31151729559748426
0.2833952669665558
0.1531953195319532
0.12454502294666878
0.1797888908115591
0.1444743935309973
0.10007513148009016
0.3244228432563791
0.05522103098839771
0.08806130680290401
0.07183908045977011
0.2555222763010109
0.12461695607763024
0.13640805159273012
0.2961901550910317
0.2534834892154991
0.19737683941138837
0.153420523138833
0.0321377331420373
0.06851045907623192
0.13431810374441772
0.1087077867708624
0.24947985625118216
0.22084073416222616
0.10171410090556274
0.1425947187141217
0.10008990110878034
0.14433880726015558
0.12266666666666666
0.21254934552254312
0.09482476252866033
0.28010910616869494
0.2846027846027846
0.09491903964265773
0.24804177545691905
0.10746844319775596
0.058614037691052084
0.29730815588589793
0.2785388127853881
0.275359502526234
0.10817391304347826
0.09174745802790257
0.05062197650310988
0.14734177215189873
0.07532354224225679
0.2830370942812983
0.2597582037996546
0.11176917236142749
0.1773049645390071
0.10171840354767184
0.09349593495934959
0.2596365088875574
0.2373054873054873
0.10603029436981995
0.2692901234567901
0.035606421872516295
0.1271666936659647
0.28902337228714525
0.2732594605895881
0.2428264688658989
0.2695528238018885
0.23312666076173605
0.049560472870566835
0.2904551682143401
0.30398562561254494
0.2728067109402307
0.13634974014062978
0.19618114227779657
0.15808128544423442
0.29360243716679363
0.10871588089330025
0.32129420617005267
0.1951176983435048
0.23021108179419525
0.17356382049938887
0.09750038813848781
0.19486504279131006
0.08389912706110572
0.1456296073416579
0.09894481923542639
0.09605095541401273
0.1089506668809256
0.2718671152228764
0.07082788263875911
0.11359404096834265
0.06768516727905627
0.17296587926509185
0.2500500100020004
0.1840939726554978
0.09317904993909866
0.13692332950254474
0.10845986984815618
0.08179723502304148
0.19435215946843853
0.1557115507338864
0.11677608604553709
0.09716599190283401
0.1363835696535594
0.30072239422084623
0.22202735882146615
0.2821773165847442
0.09773853779429988
0.2036018009004502
0.17363751584283904
0.10449775112443778
0.08605341246290801
0.14471517945340798
0.2528573940566204
0.06235163791739199
0.06068094453596925
0.22296701358264245
0.07679493586540063
0.1273530095282361
0.3082870737509913
0.11190837587967435
0.3046099980548531
0.11484837922621122
0.31527927373442066
0.24013683010262257
0.07847932414406403
0.1976365118174409
0.14111965659094974
0.299400109071078
0.27624429471853945
0.24625407166123778
0.25073187532288616
0.28975095785440613
0.12146611734621394
0.2321523945166459
0.11281453091151475
0.1670417171542323
0.2994751989165397
0.1426746710946481
0.1289435069699193
0.2705161529892313
0.2961076755183703
0.16484268125854992
0.06757843925985518
0.11324551774606659
0.04969283276450512
0.1456529269137513
0.16879096868171886
0.28762656598592756
0.09124704291990537
0.06998923242578065
0.16397273612463487
0.059665871121718374
0.1282330944219383
0.14992458521870286
0.2862050262158742
0.2329605033205173
0.0786394133250117
0.2625754527162978
0.06464187104109144
0.0867587072481958
0.28029661016949153
0.0523356401384083
0.32174704276615107
0.11036485750589944
0.04590163934426229
0.2483232729711603
0.14466264825977057
0.15866261398176293
0.1156644963615473
0.08875562218890555
0.1499312242090784
0.09743662370769013
0.2590469365818703
0.325697924123121
0.18903839842468
0.11342211581625018
0.27548209366391185
0.2653962351847548
0.3364871838981593
0.30397540083461455
0.06368257554363174
0.10878076062639822
0.15859481582537516
0.23509933774834438
0.11232962556791477
0.1083596214511041
0.14957925467971836
0.09512516469038208
0.10402177199879044
0.27241497767090345
0.19555478980013782
0.17985492911308934
0.20337881741390512
0.05481198215423837
0.25084275232996234
0.0564755838641189
0.2265151515151515
0.09099966788442378
0.27269223357101563
0.05001344447432105
0.13038874602934503
0.27440444205624215
0.05918429929469488
0.07943835352952491
0.2944184064763528
0.17940668654842254
0.04064272211720227
0.15361117172157976
0.053458121827411165
0.26388181355068774
0.12614223281684545
0.1094300518134715
0.13794167566733528
0.24994640943194
0.11430503889076767
0.03943710910354413
0.17566867989646245
0.12127934923276021
0.2889366272824919
0.11163210099188459
0.1735002157962883
0.18937846512985118
0.053725615606012155
0.2613124387855044
0.2657631113730112
0.04813432835820895
0.16306156405990016
0.25312145289443816
0.14092140921409213
0.11391778107974244
0.21418773270625122
0.28128939312083556
0.11166330175493089
0.2836693548387097
0.12895716945996274
0.07928642220019821
0.06559506413378795
0.0920332936979786
0.19117885519701638
0.291340206185567
0.24294478527607363
0.24285460678146636
0.19109606873210103
0.31520591341077087
0.16003962077260506
0.16119562316519884
0.13365226491254298
0.28263795423956933
0.2429767441860465
0.1577029840388619
0.07635101636093208
0.2675935828877005
0.10132439763842349
0.2822512290218681
0.31085848686789497
0.11826268969126112
0.27571028411364545
0.30476929042264445
0.14366151866151866
0.26707105719237434
0.2963608207510647
0.28930265238011593
0.0917180013689254
0.2800693909020817
0.30483812295380136
0.285599839775686
0.3069908814589666
0.13279518835074391
0.0853719420868697
0.0818157825283716
0.28263103802672146
0.13185550082101807
0.08608297941849069
0.23575129533678757
0.24599118942731277
0.21236559139784947
0.18448204704911267
0.31536589930750514
0.14318635735135965
0.1542359140656668
0.09703449667137382
0.07279003451898544
0.1599522021167634
0.18665897731641676
0.09875457875457876
0.1960392078415683
0.1589509692132269
0.2617243012790147
0.10631508229761505
0.11214953271028037
0.24253430185633576
0.12115475627070516
0.26599769698963643
0.25850567044696465
0.2708113804004215
0.1669088267344715
0.10098276598775104
0.16666666666666666
0.07374631268436578
0.1893279749944184
0.28
0.17973182052604436
0.1394866889845369
0.10281954887218045
0.2316056542225444
0.15193559438163753
0.28467305289462724
0.15185546875
0.11179926949340956
0.15842636895268475
0.274468085106383
0.27124895222129086
0.21221704394141144
0.22189251566106166
0.07631923244657654
0.03529411764705882
0.2626847782660807
0.07177752724539646
0.27506014434643145
0.12973484848484848
0.09946494718068322
0.18250491010726697
0.2539038734536605
0.24503179650238474
0.25804406403550484
0.22828111769686707
0.27312931186980366
0.042703026670662274
0.273892347125595
0.2861005949161709
0.14561121659120782
0.15064102564102563
0.27861246133451173
0.25747406955460644
0.2149991535466396
0.2084597875569044
0.2918515888514113
0.07465190404294582
0.27504038772213246
0.3060923983066446
0.28912045213705406
0.22143099355713802
0.3185498711814501
0.28865444482877894
0.099917650288224
0.13498293515358362
0.29580227540211845
0.2875434027777778
0.04037405373311563
0.6738809640924742
0.042879019908116385
0.1614448949502396
0.09190059002324334
0.29698463872558317
0.03794845227302163
0.1342571208622017
0.09693651028562972
0.2881188118811881
0.07295466388744137
0.09319114027891715
0.27693164933135217
0.31143451143451145
0.26729910714285715
0.1877442551195873
0.3062794348508634
0.11369461735627975
0.4433598183881952
0.18191780821917808
0.2992957746478873
0.105920856887831
0.10021668472372698
0.11197916666666667
0.3200368211107702
0.20474481658692184
0.11370967741935484
0.15563824623847275
0.15051395007342144
0.11313012895662368
0.15259515570934257
0.3043560966330607
0.25451402228198233
0.09405369790808762
0.19093794076163612
0.035505430242272346
0.14787785673132323
0.29775092312856666
0.11481729802212538
0.5346283783783784
0.30432595573440646
0.11951020408163265
0.10010747735298633
0.17962252079334612
0.10314443676572219
0.10161662817551963
0.11093271055320392
0.2062852538275584
0.10864785635764015
0.06739551619153059
0.09630795649685174
0.04885671985523935
0.2268630849220104
0.2589093320072932
0.2690208120095531
0.0708675473045341
0.04116926844199571
0.1833996023856859
0.3168648467593368
0.13110736713126053
0.11338100102145046
0.04766793781167498
0.039968652037617555
0.1094510659728051
0.2858685868586859
0.15141579731743665
0.053999187982135606
0.27508361204013376
0.06822695035460993
0.06882953934396846
0.11528954802259887
0.17513801637159718
0.080475154759913
0.07238378263638294
0.13815452839843084
0.14006096582704958
0.2940653873489694
0.07581086361860101
0.1000147732309056
0.11423521850899743
0.2598225602027883
0.25234270414993304
0.2176458289776291
0.06299782766111513
0.14949037372593432
0.08340971585701192
0.12793903032268525
0.051643192488262914
0.09046077978116814
0.10418576229758632
0.21188894566513372
0.3044037287045966
0.0747979703063334
0.08862727676588184
0.2976167778836988
0.11865342163355408
0.045526581184267396
0.10422491456974216
0.32180120812740254
0.09745649263721552
0.2470467385721623
0.050268496420047735
0.29093886462882096
0.28272848185445565
0.31949138902301627
0.148007108403148
0.26014625228519195
0.10329201652672264
0.0854295206454675
0.08178182319680044
0.138635142396561
0.17436270939548434
0.11560603703127431
0.1882776686313032
0.24702435451382532
0.07851426845840254
0.05490466345049391
0.4334103156274057
0.1485523061254183
0.1452347307269587
0.26241276171485545
0.11040037905709547
0.17065114815979868
0.1280795957043588
0.10407760605064123
0.06804733727810651
0.3027703306523682
0.2798965740142211
0.2587744261051034
0.24328737300435413
0.19140625
0.3038563829787234
0.10374764867602373
0.09617388715200238
0.18360007192950908
0.1572976633931595
0.26178516228748067
0.2795054327463469
0.29497595755264466
0.30817837154721067
0.14731800766283526
0.2879082426127527
0.3049717057396928
0.1674565560821485
0.10521739130434783
0.16273033999480924
0.3055555555555556
0.06413705224408892
0.24928469241773962
0.3045822102425876
0.2502687594065792
0.1567531305903399
0.23933606996252008
0.14249578414839797
0.21094750320102432
0.1147227533460803
0.15078578507716267
0.29469122426868904
0.18246187363834424
0.12208314016380775
0.3130971337579618
0.1047468908740585
0.04802494802494803
0.09647802528597231
0.25322798227018695
0.21056149732620322
0.14006309148264984
0.042495736213757816
0.2822360732372419
0.13279896013864817
0.2973902488367388
0.17891054472763618
0.18215994531784005
0.21269119470855727
0.12921890067502412
0.18563760873588747
0.11771321462043112
0.1134035492713894
0.11925005450185307
0.2728188595607495
0.17353212419305256
0.1486178861788618
0.05004633920296571
0.2655443322109989
0.18051649194579392
0.2753242201191728
0.1682322801024765
0.0393469387755102
0.32422145328719726
0.11789222983030664
0.051999171327946965
0.24537117148295554
0.3021648171730035
0.07633802816901408
0.16068601583113457
0.2880158905318914
0.26623725174449814
0.09115728803276202
0.31319580877537656
0.12969924812030076
0.2597963058864146
0.15364705882352941
0.17921830314585319
0.1278169014084507
0.17493049119555143
0.24320063066614112
0.16416608513607817
0.0680672268907563
0.3006352765321375
0.09380183984316091
0.05581395348837209
0.2812041116005874
0.25813488456644246
0.27449150961000185
0.12915943857435735
0.06108409441347409
0.05422624946906414
0.28415401703072934
0.2593804117760246
0.17341195389975878
0.06088643486046859
0.24827981651376146
0.148171109733416
0.16022464486290056
0.09244253348767983
0.2522186723464679
0.1273434736469756
0.17322114505213096
0.03088549367504518
0.15351082048886813
0.3281341392084227
0.09611576542269612
0.09675842971167943
0.10907220030869491
0.032481287953678856
0.28856987097946574
0.11537723171434057
0.3081466041340976
0.1016548463356974
0.1241442263806481
0.059639182943193675
0.09348183312032135
0.12218745343465952
0.08391070053887606
0.293827580343479
0.25325053366970696
0.10745341614906832
0.05559331249150469
0.2042808862185505
0.08215477514698871
0.08941176470588236
0.23316880552813427
0.12305220883534136
0.056229835612229224
0.27372521246458925
0.11341961852861035
0.24261275272161742
0.10597354002405453
0.2968494271685761
0.11501934576151952
0.21266968325791855
0.08836879432624113
0.15053763440860216
0.3190517616354937
0.2721370604147881
0.13842482100238662
0.11071953010279001
0.14849142181029382
0.04550447199121293
0.26982758620689656
0.11366343372468947
0.29051937345424567
0.3078800557880056
0.11285859909713121
0.09721750933152358
0.08734602463605823
0.12128484400959941
0.2337082663810034
0.09868894971906066
0.0764467221866325
0.15987906811310687
0.14822006472491908
0.24817907265944217
0.13342923934544146
0.15178571428571427
0.27616747181964574
0.31908291673849337
0.2739155143019511
0.0548823948681397
0.22984312294782927
0.101058381700239
0.2155600514989884
0.2612536096483778
0.1543942992874109
0.21614006842423023
0.23812470988704937
0.1810103669573803
0.25734875782287125
0.1444981862152358
0.04066240367273324
0.27204130262112786
0.12074098577571948
0.09332579185520362
0.27375695910923403
0.2475355969331873
0.2817816861020837
0.05241833375538111
0.24222972972972973
0.09179776997097908
0.3049525816649104
0.26345509087700725
0.07243225158916025
0.21280314616561066
0.15441672285906946
0.17533072479970188
0.2731559447625463
0.058367911479944676
0.3066233531853456
0.22366055375764113
0.19757151677299856
0.30466879489225857
0.13990707279297884
0.12945406995750244
0.131265664160401
0.2624744945279169
0.0985192786981381
0.08020669512469109
0.14863940927116095
0.2960969044414536
0.29296498554449085
0.12121648890170078
0.060971019947308996
0.052318668252080855
0.10706018518518519
0.24951380785686503
0.1161186848436247
0.13707421425045252
0.28139074040713385
0.11514095660437124
0.2745238095238095
0.11498554175880252
0.1537598204264871
0.28085665977832047
0.09443556588696789
0.25831923293852227
0.15233248515691264
0.2552838789888106
0.1292645294016801
0.11607002050149819
0.12903225806451613
0.3828447339847991
0.321159845843274
0.0721728081321474
0.08684045226130653
0.10738456910813657
0.09898516783762686
0.05742491657397108
0.09535495179666958
0.12725434013146805
0.133398885611275
0.25622775800711745
0.07618067172822031
0.15782567947516402
0.17897819720143182
0.14083769633507853
0.17210982658959537
0.16120280352701785
0.14697561632763034
0.1616933979858262
0.14601670051907018
0.18093285494618144
0.1612002791346825
0.27332686711930165
0.26711686362783715
0.24971558589306028
0.15744157441574416
0.2807952449272392
0.24434473733408113
0.23187007557485126
0.08969724356077723
0.042247322869297346
0.26906990639314876
0.2740273396424816
0.17040205303678357
0.23298327499027616
0.1386381025248661
0.08609271523178808
0.08142493638676845
0.06042990401514128
0.08588179369355094
0.2725385014708427
0.11228003060443764
0.04523764077113953
0.1251329315845445
0.06337679485063542
0.1179841316485454
0.3000914913083257
0.1482394366197183
0.26489734601902853
0.15441783649876134
0.11830454347510524
0.08798786374293201
0.13576881134133043
0.21662292213473316
0.05381591432831775
0.11756651017214398
0.27121186864477415
0.08104442183791116
0.08
0.07952744561302406
0.09523809523809523
0.3093381987062531
0.20548862115127176
0.2721646035463366
0.2190596668775037
0.2796034514411603
0.3083623693379791
0.1250533504054631
0.09165613147914033
0.29398148148148145
0.18904244817374136
0.12358297714179521
0.30719912071808025
0.07493975903614458
0.1793900018047284
0.14985590778097982
0.10899137358991373
0.27811326913660844
0.25138368148544904
0.08894044856921887
0.3131217432496447
0.25546582627535946
0.09916054564533054
0.10968229954614221
0.03487527246306612
0.10125991600559962
0.2749135491983653
0.05697041071691447
0.22899578807359788
0.10814229249011857
0.2459485224022879
0.039247751430907606
0.06379777309659945
0.9055158324821246
0.109551334984861
0.2300692383778437
0.23059617547806524
0.23528478502300493
0.11943069306930693
0.25953627524308154