b   v
16 0.8281120044358192
32 0.7553488372093023
32 0.815015015015015
32 0.7773404554399775
32 0.8895226658661063
32 0.9056910569105691
32 0.8281120044358192
32 0.7880254777070064
32 0.9055158324821246
32 0.7180232558139535
64 0.7553488372093023
64 0.5893263911487147
64 0.815015015015015
64 0.7773404554399775
64 0.6264441591784339
64 0.2768984527832118
64 0.8895226658661063
64 0.6738809640924742
64 0.6423017107309487
64 0.9056910569105691
64 0.8281120044358192
64 0.7880254777070064
64 0.9055158324821246
64 0.6907689101896228
64 0.4583615436696005
64 0.28010910616869494
64 0.7180232558139535
64 0.2428193114687309
128 0.3031460265502819
128 0.1923679060665362
128 0.31487286659700453
128 0.2574089754445385
128 0.3011771900321052
128 0.2587744261051034
128 0.2847669571807503
128 0.23059617547806524
128 0.2655443322109989
128 0.1742861858392474
128 0.2987938596491228
128 0.2897196261682243
128 0.2915106117353308
128 0.32331352673890246
128 0.19094740700018326
128 0.3051077293958114
128 0.29051937345424567
128 0.24845559845559845
128 0.32174704276615107
128 0.15346075338652812
128 0.2665379891208984
128 0.30817837154721067
128 0.28925108314421294
128 0.2265151515151515
128 0.30986887508626637
128 0.28079543362180076
128 0.27334889926617745
128 0.2980591497227357
128 0.276043863348798
128 0.24285460678146636
128 0.27734827986084265
128 0.24909871244635193
128 0.15594910591471803
128 0.26020317234004636
128 0.3018867924528302
128 0.29670765569218566
128 0.2721646035463366
128 0.24848484848484848
128 0.2597963058864146
128 0.27794117647058825
128 0.23106947697111632
128 0.3140544808527438
128 0.25850567044696465
128 0.08399149453219927
128 0.19807073954983923
128 0.28140026928255435
128 0.1519867549668874
128 0.2513533020570191
128 0.2732594605895881
128 0.24186390532544377
128 0.273892347125595
128 0.20733517065931736
128 0.25
128 0.30036630036630035
128 0.28430141287284144
128 0.27242130271233417
128 0.26807727690892363
128 0.31943746860873934
128 0.2956378299120235
128 0.24261275272161742
128 0.293036750483559
128 0.2940112540192926
128 0.15769035961505995
128 0.2897415818324197
128 0.194296658863588
128 0.18302180685358255
128 0.2846361185983827
128 0.26906990639314876
128 0.28975095785440613
128 0.3022493994321904
128 0.27804295942720764
128 0.28323806011432784
128 0.30495914877446323
128 0.28090737240075614
128 0.35105714883818295
128 0.08608297941849069
128 0.23564393235458092
128 0.2798172621961168
128 0.1877442551195873
128 0.29270511187920684
128 0.3171899946780202
128 0.12634720610180733
128 0.16823326299635527
128 0.5329341317365269
128 0.22333775336237924
128 0.2503183554666182
128 0.27468619246861925
128 0.3131868131868132
128 0.2740538806927518
128 0.27617176536626437
128 0.2890184645286686
128 0.31143451143451145
128 0.1973924977127173
128 0.30993218986836857
128 0.23661867847914358
128 0.09147230320699709
128 0.26136363636363635
128 0.29775092312856666
128 0.19450571485863244
128 0.28642062511036553
128 0.10117302052785923
128 0.2971576227390181
128 0.28578654527061204
128 0.2943044254812463
128 0.27031144211239
128 0.28856987097946574
128 0.3130971337579618
128 0.32422145328719726
128 0.2653962351847548
128 0.10301795492168599
128 0.2861005949161709
128 0.2538593481989708
128 0.27356456986086614
128 0.2721370604147881
128 0.17927256125399482
128 0.2869844873250095
128 0.2676928853012953
128 0.29616020576887747
128 0.25699745547073793
128 0.2919986144786976
128 0.2500500100020004
128 0.15509915014164305
128 0.3181345353675451
128 0.08987417615338526
128 0.2402908610147083
128 0.24653215636822196
128 0.321159845843274
128 0.25622775800711745
128 0.2836098619941076
128 0.3078817733990148
128 0.18904244817374136
128 0.2932330827067669
128 0.30397540083461455
128 0.25892255892255894
128 0.2788184438040346
128 0.21614006842423023
128 0.3091051191871825
128 0.29815354713313896
128 0.2707516921980762
128 0.2962816455696203
128 0.1537598204264871
128 0.30593685655456415
128 0.2914317925591883
128 0.3000914913083257
128 0.2695327836670593
128 0.23495592180912228
128 0.3010928961748634
128 0.3055555555555556
128 0.18010865022983702
128 0.28902337228714525
128 0.29699586256520955
128 0.30719912071808025
128 0.09648719128700721
128 0.30015726802965625
128 0.2848902121324898
128 0.30425680390788556
128 0.3087365885701774
128 0.2149991535466396
128 0.15427040655531044
128 0.4719430485762144
128 0.2640352557961295
128 0.26066169439663417
128 0.4038614967288974
128 0.24096622152395916
128 0.24751760245531684
128 0.3026083545793293
128 0.30476929042264445
128 0.34937946596464836
128 0.27254287294855245
128 0.2440497986085683
128 0.300588977702987
128 0.3038563829787234
128 0.30196523053665913
128 0.2833952669665558
128 0.29481923220275813
128 0.299400109071078
128 0.34771700953336676
128 0.26248164464023493
128 0.0954041204437401
128 0.3063457330415755
128 0.1679798298140561
128 0.2676382908247764
128 0.12099242790397938
128 0.29658190912880367
128 0.2880158905318914
128 0.12107545533391154
128 0.27457130907570054
128 0.19757151677299856
128 0.30354505169867063
128 0.25264329437952143
128 0.03957986422441399
128 0.2913113620649919
128 0.2626201923076923
128 0.2986599664991625
128 0.15595716198125836
128 0.22850558411629143
128 0.2609162491052255
128 0.2946680790960452
128 0.2846024400504838
128 0.28718674211802747
128 0.2635759142962689
128 0.25038746340623386
128 0.2808906734805621
128 0.2680244399185336
128 0.2858685868586859
128 0.16604142880443648
128 0.27089527585067724
128 0.2502687594065792
128 0.2862705264939902
128 0.22917781344747637
128 0.29903660886319844
128 0.26543589743589746
128 0.226139133695856
128 0.30192755068128946
128 0.1369104449112087
128 0.2677266081871345
128 0.09954545454545455
128 0.2734424835211567
128 0.2871953437613678
128 0.2539038734536605
128 0.24857853589196874
128 0.31884845192829986
128 0.31072375899962107
128 0.18921668362156663
128 0.17285657842749902
128 0.3053450339050658
128 0.2715098147128967
128 0.2937511799131584
128 0.2952859013531209
128 0.24616677168662046
128 0.25706654796349876
128 0.31527927373442066
128 0.27358970015246487
128 0.26157452627466304
128 0.2936232413667093
128 0.3185498711814501
128 0.26588569400071
128 0.09693651028562972
128 0.2691276551866364
128 0.09553758610362384
128 0.26640639524075105
128 0.23062217587765033
128 0.19684655396618986
128 0.2596365088875574
128 0.25122292103424176
128 0.25576689599352487
128 0.29076233183856504
128 0.319047619047619
128 0.1778975741239892
128 0.23642358417377812
128 0.09564015965612527
128 0.28930265238011593
128 0.21061093247588425
128 0.30433940333204185
128 0.2487185201693782
128 0.30572796595140983
128 0.29057685417413115
128 0.27928524156187956
128 0.26178516228748067
128 0.40019175455417066
128 0.30569606333846494
128 0.2788928797802662
128 0.3663255813953488
128 0.09648195681715235
128 0.28537258509659613
128 0.2771326485037963
128 0.2018695306284805
128 0.2258849971904851
128 0.3281341392084227
128 0.3088788562829195
128 0.30119748325553075
128 0.2973304694691623
128 0.3099591309959131
128 0.28566621803499326
128 0.23851983950066874
128 0.2604495960660344
128 0.3055392444705422
128 0.1840173960315303
128 0.2976624490671242
128 0.23812470988704937
128 0.2733481304422059
128 0.29874421678783875
128 0.2800693909020817
128 0.09969495285635052
128 0.28767403767403765
128 0.2740860432235912
128 0.14737952866690116
128 0.2428264688658989
128 0.2570127504553734
128 0.3169998231027773
128 0.261993306061733
128 0.1682322801024765
128 0.29296498554449085
128 0.3099027409372237
128 0.27449150961000185
128 0.3242879137798306
128 0.2790325449048551
128 0.20676818950930625
128 0.14761462205700124
128 0.2888395688015219
128 0.3056910569105691
128 0.28272848185445565
128 0.20156220232425223
128 0.31281857655276574
128 0.3070661586421891
128 0.288117989198172
128 0.24758574758574758
128 0.4433598183881952
128 0.3047619047619048
128 0.27375695910923403
128 0.28475960645999626
128 0.2744298164287039
128 0.1962588163140141
128 0.1046782114241406
128 0.09486096444913762
128 0.2723851030110935
128 0.30466879489225857
128 0.214766201804758
128 0.29838855694369004
128 0.30432595573440646
128 0.2757458284173268
128 0.31614996395097333
128 0.20434548392889207
128 0.2766848816029144
128 0.27548209366391185
128 0.2815184815184815
128 0.16120168529034623
128 0.18834981458590852
128 0.30361305361305363
128 0.15714564242542406
128 0.24595893403232852
128 0.2911813643926789
128 0.2785885830408276
128 0.23987872302479044
128 0.30034456355283307
128 0.28750923872875095
128 0.2976167778836988
128 0.2865370770338373
128 0.3131217432496447
128 0.24994640943194
128 0.262533692722372
128 0.275359502526234
128 0.25850771507080955
128 0.23372875921769798
128 0.08308183916208059
128 0.26711686362783715
128 0.3168648467593368
128 0.2541456380677722
128 0.27683711479851
128 0.2694653749551489
128 0.2907515615555108
128 0.2937797147385103
128 0.10095626273710613
128 0.2555222763010109
128 0.30483812295380136
128 0.2798965740142211
128 0.23466516601012943
128 0.298326359832636
128 0.27454718779790277
128 0.2941068814055637
128 0.3190517616354937
128 0.2399931283284659
128 0.2791983413959917
128 0.26218487394957984
128 0.2015222906850308
128 0.22939560439560439
128 0.2835658914728682
128 0.27469426152398874
128 0.28010910616869494
128 0.27352214407907244
128 0.29397118975635783
128 0.2806177942136176
128 0.2552838789888106
128 0.25747406955460644
128 0.31427530954115074
128 0.204607291855614
128 0.27534298780487804
128 0.2748
128 0.2718671152228764
128 0.17565674255691768
128 0.275867966478536
128 0.5893263911487147
128 0.23125270914607715
128 0.26019916479280436
128 0.2807998279939798
128 0.29519918283963226
128 0.3027703306523682
128 0.18309859154929578
128 0.23928395467236
128 0.2459485224022879
128 0.09682060135232341
128 0.2889366272824919
128 0.2850959729017689
128 0.2965040194428865
128 0.2918515888514113
128 0.2536964980544747
128 0.3364871838981593
128 0.15463268837501967
128 0.27861246133451173
128 0.26723777684914335
128 0.26135643355165855
128 0.24523209787693415
128 0.26114029966919633
128 0.283999212753395
128 0.22759129472519365
128 0.2603930461073318
128 0.24279669554704816
128 0.21266968325791855
128 0.3093381987062531
128 0.29827315541601257
128 0.2584634096898439
128 0.31636363636363635
128 0.2705161529892313
128 0.2553264019089824
128 0.30259134073716404
128 0.27868209452833886
128 0.09760866295683561
128 0.09332579185520362
128 0.2445880452342488
128 0.28263103802672146
128 0.3005511539786428
128 0.3108403055656602
128 0.26729910714285715
128 0.0986069807481609
128 0.299626204997049
128 0.23556093135772604
128 0.2330660296877666
128 0.33955891118617126
128 0.20474481658692184
128 0.3088318019876242
128 0.2749135491983653
128 0.31190609278926773
128 0.27136129176945506
128 0.28496503496503495
128 0.3106674984404242
128 0.8895226658661063
128 0.2924908776646822
128 0.30464101547005157
128 0.2917527709938005
128 0.3480556044342777
128 0.24013683010262257
128 0.1953210010881393
128 0.28467305289462724
128 0.308634884166188
128 0.23848131303144157
128 0.2678998911860718
128 0.28417876673580994
128 0.24253430185633576
128 0.30126432240221257
128 0.29571178064721826
128 0.1841162839688224
128 0.3828447339847991
128 0.26623725174449814
128 0.29627611262488646
128 0.1271666936659647
128 0.31110335195530725
128 0.10015360983102918
128 0.2611252695549892
128 0.2805713167677558
128 0.6264441591784339
128 0.29702776691435273
128 0.2968494271685761
128 0.24189607427919857
128 0.25239077442340146
128 0.2987948035686336
128 0.27983376212151195
128 0.2745058491327148
128 0.25337357954545453
128 0.2680574690021649
128 0.16351219512195123
128 0.815015015015015
128 0.2530959752321981
128 0.27010653854188427
128 0.16820892453218178
128 0.2337082663810034
128 0.3049525816649104
128 0.24718270829484573
128 0.30266019742345657
128 0.24361224887848645
128 0.2450793650793651
128 0.9055158324821246
128 0.4334103156274057
128 0.2612536096483778
128 0.2303550059832469
128 0.29626998223801065
128 0.2709284627092846
128 0.17353951890034364
128 0.3262216104611149
128 0.29563168388617
128 0.08875562218890555
128 0.2813998082454458
128 0.2772735362164086
128 0.283989092325672
128 0.32732732732732733
128 0.325697924123121
128 0.29477707006369425
128 0.2867951720410737
128 0.2321465750572559
128 0.2171259842519685
128 0.25073187532288616
128 0.29016503873358035
128 0.21643835616438356
128 0.29414234726013017
128 0.2909967845659164
128 0.27693164933135217
128 0.2724790325726546
128 0.40669661086157616
128 0.31598733676296004
128 0.24804177545691905
128 0.3103264726756565
128 0.28907148726376336
128 0.2830999066293184
128 0.1784011734506784
128 0.09308215925280988
128 0.30510585305105853
128 0.2973902488367388
128 0.26922300706357216
128 0.296875
128 0.3125232255667038
128 0.2967159592855771
128 0.28263795423956933
128 0.7773404554399775
128 0.28853681267474374
128 0.28248998907899525
128 0.3078800557880056
128 0.3013015184381779
128 0.16397273612463487
128 0.2434149075284887
128 0.08833100883310088
128 0.29717796122096374
128 0.24844595949468617
128 0.2916587497624929
128 0.32388451443569555
128 0.25207485760781123
128 0.31819017840720987
128 0.17734495130702205
128 0.24103139013452915
128 0.301787796346677
128 0.2784636488340192
128 0.1901840490797546
128 0.209377990430622
128 0.17436270939548434
128 0.2800642441276852
128 0.2696754942185752
128 0.24378933421662802
128 0.0876008804108584
128 0.27332686711930165
128 0.24571428571428572
128 0.1872418540614961
128 0.2787207432553154
128 0.2065093572009764
128 0.29889112903225806
128 0.2981478151411617
128 0.1292645294016801
128 0.34796831955922863
128 0.2622590875823372
128 0.10192336816598516
128 0.2725761772853186
128 0.3397516645672125
128 0.18836255128683327
128 0.2927905836194213
128 0.5346283783783784
128 0.23528478502300493
128 0.2657631113730112
128 0.26367265469061874
128 0.2606354334948842
128 0.26982758620689656
128 0.3305951383067896
128 0.30963605506317177
128 0.3160741885625966
128 0.14480111653872993
128 0.2613124387855044
128 0.30651925276401065
128 0.2991869918699187
128 0.3435463990139109
128 0.24483204134366926
128 0.29810034096444227
128 0.2475355969331873
128 0.26377561169683705
128 0.3046099980548531
128 0.29866989117291415
128 0.3160621761658031
128 0.099917650288224
128 0.26898009512066234
128 0.28870800138552133
128 0.31162487788993815
128 0.2675680822700438
128 0.26814899277841125
128 0.28689492325855964
128 0.29984514130855594
128 0.1710954446854664
128 0.24349315068493152
128 0.2997815230961298
128 0.32129420617005267
128 0.1482394366197183
128 0.3200368211107702
128 0.2495650492944133
128 0.291340206185567
128 0.2139818753467727
128 0.285599839775686
128 0.31348547717842323
128 0.27078693392724573
128 0.2864902751007535
128 0.12588996763754046
128 0.09596312334124878
128 0.09782763027119125
128 0.8281120044358192
128 0.28865444482877894
128 0.2533550223668158
128 0.2752676465251316
128 0.2905525846702317
128 0.3191901408450704
128 0.226221928665786
128 0.3229845626072041
128 0.24583333333333332
128 0.2940231935771632
128 0.2857142857142857
128 0.2422608695652174
128 0.2957248473159756
128 0.17957805907172997
128 0.1297451434681875
128 0.28201359544368915
128 0.29274193548387095
128 0.2418018018018018
128 0.40690435766836447
128 0.11312929061784897
128 0.3033950617283951
128 0.2969881814715974
128 0.27807672279118206
128 0.3272695772695773
128 0.29217423403469917
128 0.24928469241773962
128 0.30866322432587495
128 0.2624744945279169
128 0.28286784741144416
128 0.2902524661427855
128 0.29291740239356484
128 0.24294478527607363
128 0.27363097314265783
128 0.24862204724409448
128 0.24434473733408113
128 0.20337881741390512
128 0.2593804117760246
128 0.24971558589306028
128 0.2581636573184787
128 0.3325925925925926
128 0.2406707216833799
128 0.28107132109539573
128 0.30559631104590235
128 0.29104223433242504
128 0.162890625
128 0.27260432766615145
128 0.2592456975466862
128 0.28305332359386415
128 0.2961901550910317
128 0.2675935828877005
128 0.28973048327137546
128 0.3008573655494934
128 0.278040786598689
128 0.09292215731558212
128 0.25507819521840736
128 0.27504038772213246
128 0.28484848484848485
128 0.29267791032496915
128 0.2960736426826977
128 0.09743662370769013
128 0.23769507803121248
128 0.24503179650238474
128 0.14871886758645403
128 0.2917816946273094
128 0.2004922377887164
128 0.22189251566106166
128 0.2957212493229825
128 0.19555478980013782
128 0.36613230145568454
128 0.18360007192950908
128 0.3082870737509913
128 0.2875278778521187
128 0.2753242201191728
128 0.24100268576544315
128 0.2904991948470209
128 0.3101555352241537
128 0.28
128 0.30035879036391594
128 0.25584868093578894
128 0.2954788943646882
128 0.2508611955420466
128 0.2949979499794998
128 0.28157894736842104
128 0.1646362687086669
128 0.28904646389251726
128 0.2522186723464679
128 0.31151729559748426
128 0.2768984527832118
128 0.08482278097546198
128 0.28170257859413633
128 0.32084309133489464
128 0.27621009268795055
128 0.2766026684022128
128 0.2715577889447236
128 0.32466814159292035
128 0.28286219081272085
128 0.3384036916766365
128 0.2910887326619799
128 0.2740273396424816
128 0.7553488372093023
128 0.26703048550997366
128 0.27124895222129086
128 0.26367435944030526
128 0.2965904688105386
128 0.3062794348508634
128 0.21329895008288818
128 0.09395732472655549
128 0.2836693548387097
128 0.2565623876303488
128 0.29945006208976405
128 0.7880254777070064
128 0.09184525466184247
128 0.2943878570001997
128 0.1419569403115701
128 0.2663764961915125
128 0.0894543126900304
128 0.25756235627100654
128 0.29186421391996964
128 0.13110736713126053
128 0.29261312824181723
128 0.6738809640924742
128 0.28912045213705406
128 0.310841546626232
128 0.30633223684210525
128 0.3276991337418128
128 0.28227943960620977
128 0.28394789136674764
128 0.15782567947516402
128 0.31949138902301627
128 0.2648759559783622
128 0.30335422042019905
128 0.2980093676814988
128 0.31520591341077087
128 0.2428193114687309
128 0.3019660240503913
128 0.27949499346974316
128 0.25325053366970696
128 0.18535430407576525
128 0.24324324324324326
128 0.29678362573099415
128 0.08608941332890145
128 0.2373054873054873
128 0.10361707914060375
128 0.1790473017988008
128 0.2878338278931751
128 0.19384107781138302
128 0.2904551682143401
128 0.17589370452388484
128 0.27632476688651353
128 0.29462738301559793
128 0.3099815157116451
128 0.20562130177514792
128 0.2875882946518668
128 0.293827580343479
128 0.3102129983615511
128 0.2361111111111111
128 0.287292817679558
128 0.2692901234567901
128 0.25084275232996234
128 0.09524551831644583
128 0.28029661016949153
128 0.1598848368522073
128 0.26187079682086817
128 0.2846225535880708
128 0.24146836377052205
128 0.1971954425942156
128 0.2598225602027883
128 0.3025127278699294
128 0.15065828845002993
128 0.37567239285094567
128 0.29730815588589793
128 0.23495032144944478
128 0.1062876347850441
128 0.25734875782287125
128 0.29583975346687214
128 0.4583615436696005
128 0.7180232558139535
128 0.3051535474761737
128 0.2883179622310057
128 0.23095151294203428
128 0.22084073416222616
128 0.274468085106383
128 0.2690479840564158
128 0.24286230574629564
128 0.10163479333744602
128 0.31494896279222917
128 0.6907689101896228
128 0.25312145289443816
128 0.2650712458896602
128 0.28415401703072934
128 0.2348916761687571
128 0.2779984114376489
128 0.2804924971142747
128 0.3043560966330607
128 0.16756341275941583
128 0.2860368837034249
128 0.31085848686789497
128 0.28957208142916496
128 0.29497595755264466
128 0.23312666076173605
128 0.3418160786581839
128 0.31710997924919826
128 0.19703131354209028
128 0.2589093320072932
128 0.0887662240787707
128 0.14949037372593432
128 0.24651444736310366
128 0.2960969044414536
128 0.31790932933683025
128 0.30311259661583456
128 0.2642757660167131
128 0.2739155143019511
128 0.286128097843579
128 0.3421509944004634
128 0.1976365118174409
128 0.27258593884954224
128 0.30306558013193635
128 0.23354388297872342
128 0.2418070727643029
128 0.1735002157962883
128 0.33997077091706246
128 0.237567084078712
128 0.2190965092402464
128 0.2637029101946081
128 0.2590469365818703
128 0.30398562561254494
128 0.29696531791907516
128 0.15859481582537516
128 0.20984872867718057
128 0.28093369138607727
128 0.31908291673849337
128 0.26877470355731226
128 0.24154397134898528
128 0.2796961325966851
128 0.2855715427657874
128 0.16201751540707104
128 0.18102269619907027
128 0.31513234559680375
128 0.27758793969849244
128 0.2850893182646737
128 0.2738887889148821
128 0.21221704394141144
128 0.2759512375323236
128 0.27789115646258505
128 0.23970818134445024
128 0.2881008668242711
128 0.30856685348278623
128 0.08962466105323248
128 0.24336604870956016
128 0.22296701358264245
128 0.3077219333718467
128 0.2972287629052708
128 0.2821765498652291
128 0.2893835616438356
128 0.15974282888229477
128 0.24930956565402962
128 0.27255709472107825
128 0.23842302878598248
128 0.09179776997097908
128 0.28134196586227195
128 0.2992957746478873
128 0.28945997569022397
128 0.2884998892089519
128 0.2801317233809001
128 0.3034575360859349
128 0.2891471341343313
128 0.29669714498973687
128 0.23897734231475812
128 0.2118769534462905
128 0.26323218066337334
128 0.3244228432563791
128 0.2700718015665796
128 0.9056910569105691
128 0.3066233531853456
128 0.30313882452074997
128 0.3081466041340976
128 0.30212994451405045
128 0.21269119470855727
128 0.2882846861255498
128 0.2573346116970278
128 0.22863444219812534
128 0.28105792512572175
128 0.276186815298866
128 0.29025778372949446
128 0.3083623693379791
128 0.2635524798154556
128 0.29850746268656714
128 0.15060352831940577
128 0.2961076755183703
128 0.2875434027777778
128 0.29479546763971576
128 0.211781206171108
128 0.25547445255474455
128 0.2728067109402307
128 0.30314157486740106
128 0.330939226519337
128 0.2669776119402985
128 0.6423017107309487
128 0.25451402228198233
128 0.2809734513274336
128 0.2895297077607896
128 0.2586696986924389
128 0.31536589930750514
128 0.2839266831159676
128 0.27269223357101563
128 0.2982484858405631
128 0.28792569659442724
128 0.2728188595607495
128 0.24315527474631438
128 0.2759699624530663
128 0.25143422354104844
128 0.29983342587451417
128 0.2603194358017009
128 0.2681826385129038
128 0.27463972171608414
128 0.2852373887240356
128 0.2537403962798221
128 0.2989649681528662
128 0.22590656648154198
128 0.30484330484330485
128 0.28777416734362304
128 0.31897163120567373
128 0.29886755292959133
128 0.17040205303678357
128 0.26966518757563535
128 0.2822512290218681
128 0.2182933429550785
128 0.2651327433628319
128 0.30760054533060666
128 0.3614546797120177
128 0.18568273831431725
128 0.31123517096999304
128 0.12831928764509462
128 0.2978940911878961
128 0.27339719970523213
128 0.2434329256065771
128 0.3278358072200843
128 0.29829378309472443
128 0.24082037710883228
128 0.2812041116005874
256 0.10412249705535924
256 0.31487286659700453
256 0.2574089754445385
256 0.08429203539823009
256 0.08551118544846331
256 0.08651048843974889
256 0.2847669571807503
256 0.2897196261682243
256 0.24809292649098474
256 0.2915106117353308
256 0.19094740700018326
256 0.1261558784676354
256 0.32174704276615107
256 0.15346075338652812
256 0.2665379891208984
256 0.2955051179350245
256 0.30817837154721067
256 0.06052465233881163
256 0.2720506730007918
256 0.15180998712262125
256 0.1021377672209026
256 0.08487972508591066
256 0.30986887508626637
256 0.09840425531914894
256 0.28079543362180076
256 0.2579965523846007
256 0.27334889926617745
256 0.10346295770650014
256 0.08921729611384784
256 0.04620075046904315
256 0.18250491010726697
256 0.12990438509726343
256 0.17306008057453146
256 0.23316880552813427
256 0.12751558325912735
256 0.3140544808527438
256 0.08418708240534521
256 0.1568582550950309
256 0.10447357751047438
256 0.1167611622962438
256 0.2176458289776291
256 0.08975248669905159
256 0.22981478151411616
256 0.14290291573213715
256 0.13365226491254298
256 0.20733517065931736
256 0.22628703856977322
256 0.31319580877537656
256 0.11423521850899743
256 0.27242130271233417
256 0.24261275272161742
256 0.10074626865671642
256 0.2897415818324197
256 0.17363751584283904
256 0.18302180685358255
256 0.26906990639314876
256 0.3022493994321904
256 0.27804295942720764
256 0.08746859296482412
256 0.14905335628227195
256 0.07238378263638294
256 0.3021648171730035
256 0.15852707130597596
256 0.1488593155893536
256 0.35105714883818295
256 0.11860670194003527
256 0.07665854706978077
256 0.08608297941849069
256 0.10062130625852402
256 0.10683601045946955
256 0.25813488456644246
256 0.11170051530766899
256 0.2445631438382297
256 0.3171899946780202
256 0.16823326299635527
256 0.2503183554666182
256 0.16505984042553193
256 0.23619355999280447
256 0.27617176536626437
256 0.3131868131868132
256 0.059722222222222225
256 0.10521739130434783
256 0.1572976633931595
256 0.11926237722990579
256 0.1034537895746722
256 0.16655393980385527
256 0.2971576227390181
256 0.15150888797023562
256 0.10117302052785923
256 0.09988279723922386
256 0.16126963770439243
256 0.2470467385721623
256 0.3130971337579618
256 0.14377974167233173
256 0.25457815565729236
256 0.1177190834353682
256 0.1670417171542323
256 0.05581395348837209
256 0.1129798903107861
256 0.1322925225965489
256 0.2500500100020004
256 0.0984447103059306
256 0.1426746710946481
256 0.20548862115127176
256 0.0523356401384083
256 0.25622775800711745
256 0.2836098619941076
256 0.3078817733990148
256 0.11313012895662368
256 0.11498554175880252
256 0.15043791859866049
256 0.12484006580149881
256 0.15540728384765082
256 0.30397540083461455
256 0.11427260211106012
256 0.2788184438040346
256 0.32938125231567245
256 0.1100855848296694
256 0.09553386572020113
256 0.14992458521870286
256 0.2843786521231009
256 0.1537598204264871
256 0.09714707329070339
256 0.30593685655456415
256 0.07887771307570143
256 0.04835518179569626
256 0.2914317925591883
256 0.24790794979079497
256 0.2978303747534517
256 0.28902337228714525
256 0.11842105263157894
256 0.29699586256520955
256 0.15848702719599875
256 0.09405369790808762
256 0.24817907265944217
256 0.30425680390788556
256 0.18485000837942014
256 0.13808237677245105
256 0.09594775619557937
256 0.15427040655531044
256 0.2871026523587771
256 0.27732027598486536
256 0.2640352557961295
256 0.09773853779429988
256 0.09163437428766812
256 0.3026083545793293
256 0.34937946596464836
256 0.07295466388744137
256 0.10873469387755103
256 0.09281369677855372
256 0.101058381700239
256 0.08969276511397423
256 0.25614794412748376
256 0.12845718093968678
256 0.1147227533460803
256 0.12305220883534136
256 0.13099520383693045
256 0.26248164464023493
256 0.2833952669665558
256 0.299400109071078
256 0.035606421872516295
256 0.3063457330415755
256 0.1094300518134715
256 0.08659061155788292
256 0.1393961308985717
256 0.2880158905318914
256 0.05009691367228269
256 0.27457130907570054
256 0.12107545533391154
256 0.09875457875457876
256 0.05694887072190661
256 0.2846024400504838
256 0.2626201923076923
256 0.15595716198125836
256 0.22850558411629143
256 0.2609162491052255
256 0.07808564231738035
256 0.1121999020088192
256 0.28718674211802747
256 0.2808906734805621
256 0.05845845845845846
256 0.12793903032268525
256 0.10267270337374032
256 0.2470067246186649
256 0.06241194702733164
256 0.2158220925993438
256 0.2862705264939902
256 0.0992275698158051
256 0.16124661246612465
256 0.26543589743589746
256 0.26589912280701755
256 0.2677266081871345
256 0.14751576680510692
256 0.29580227540211845
256 0.2539038734536605
256 0.27131221719457016
256 0.18921668362156663
256 0.146233803217998
256 0.11378180115498673
256 0.10773418008618735
256 0.31126885536823423
256 0.23528478502300493
256 0.31527927373442066
256 0.26157452627466304
256 0.0857305610937055
256 0.11281453091151475
256 0.19684655396618986
256 0.09553758610362384
256 0.14206310282818374
256 0.12236350037397158
256 0.2437353171495693
256 0.15756404059932336
256 0.29076233183856504
256 0.15109402720283854
256 0.1778975741239892
256 0.0617056856187291
256 0.09564015965612527
256 0.27624429471853945
256 0.298134395942764
256 0.21061093247588425
256 0.13564796124343964
256 0.09334341906202723
256 0.30569606333846494
256 0.3663255813953488
256 0.26178516228748067
256 0.29057685417413115
256 0.2771326485037963
256 0.2823866690557248
256 0.14805081033727552
256 0.09416491963661774
256 0.28537258509659613
256 0.09850027772634697
256 0.15570554073143933
256 0.11261413594859655
256 0.12945406995750244
256 0.09822534048699959
256 0.09006433166547534
256 0.3281341392084227
256 0.080711743772242
256 0.21418773270625122
256 0.2973304694691623
256 0.2604495960660344
256 0.1840173960315303
256 0.238676844783715
256 0.2733481304422059
256 0.10746844319775596
256 0.09969495285635052
256 0.23575129533678757
256 0.05718063130061147
256 0.18845559182271088
256 0.11681741529970872
256 0.1810103669573803
256 0.3242879137798306
256 0.2062852538275584
256 0.1253063725490196
256 0.0818157825283716
256 0.10051079255231504
256 0.20411055988660523
256 0.041468819246597025
256 0.4433598183881952
256 0.27375695910923403
256 0.20311850311850313
256 0.16254735702688075
256 0.1003826906093612
256 0.1407035175879397
256 0.214766201804758
256 0.15564625850340136
256 0.2766848816029144
256 0.2721276595744681
256 0.31614996395097333
256 0.11924164310660236
256 0.13017982799061767
256 0.13163335630599587
256 0.30361305361305363
256 0.15963470319634704
256 0.061001712328767124
256 0.23987872302479044
256 0.12143366619115549
256 0.11819856018751046
256 0.2976167778836988
256 0.11093271055320392
256 0.24994640943194
256 0.1333977767037216
256 0.08588179369355094
256 0.08945400149588631
256 0.1848816029143898
256 0.10276618760624325
256 0.10168589174800355
256 0.03316378433367243
256 0.1694467382328654
256 0.2694653749551489
256 0.2907515615555108
256 0.19435215946843853
256 0.1882776686313032
256 0.05547468866246159
256 0.08836879432624113
256 0.11756651017214398
256 0.11056231003039514
256 0.16299483648881238
256 0.3190517616354937
256 0.22939560439560439
256 0.26218487394957984
256 0.09046077978116814
256 0.18446859263185794
256 0.27469426152398874
256 0.29397118975635783
256 0.07943835352952491
256 0.1924267249226288
256 0.1282141599154632
256 0.07596552824768592
256 0.08428818081933763
256 0.122040072859745
256 0.0664865676121867
256 0.204607291855614
256 0.1766375029557815
256 0.1398029373489496
256 0.039328859060402684
256 0.11882550848753633
256 0.23125270914607715
256 0.19473373943800354
256 0.08234705784297383
256 0.03965728274173807
256 0.2422085417468257
256 0.14561121659120782
256 0.06719298245614035
256 0.1893279749944184
256 0.09682060135232341
256 0.2643737166324435
256 0.1482022266837014
256 0.1595075239398085
256 0.2596107447321859
256 0.06591015078501476
256 0.3058823529411765
256 0.05966277561608301
256 0.15463268837501967
256 0.17341195389975878
256 0.14328638497652582
256 0.14366151866151866
256 0.0924327912379688
256 0.2603930461073318
256 0.24279669554704816
256 0.21266968325791855
256 0.2584634096898439
256 0.27868209452833886
256 0.15719114935464043
256 0.2196227783822996
256 0.23923271806007962
256 0.2445880452342488
256 0.3108403055656602
256 0.299626204997049
256 0.20474481658692184
256 0.10449775112443778
256 0.2674471992653811
256 0.23556093135772604
256 0.3088318019876242
256 0.14416607015032212
256 0.27136129176945506
256 0.09244253348767983
256 0.053458121827411165
256 0.15161521895190236
256 0.09306260575296109
256 0.17755523764107456
256 0.099721059972106
256 0.1450135685210312
256 0.08621330360460795
256 0.09679609014390443
256 0.28467305289462724
256 0.10178317816001263
256 0.13185951708999685
256 0.08403154263183835
256 0.11040037905709547
256 0.21225983531564502
256 0.10407760605064123
256 0.19143054595715273
256 0.14006096582704958
256 0.1119810633648944
256 0.1806864064602961
256 0.09541792547834844
256 0.10871588089330025
256 0.10015360983102918
256 0.26724726775956287
256 0.3113749521256224
256 0.2611252695549892
256 0.28654353562005275
256 0.14265335235378032
256 0.24599118942731277
256 0.08953507474946608
256 0.22899578807359788
256 0.10984411085450346
256 0.27983376212151195
256 0.2617243012790147
256 0.2708113804004215
256 0.03812316715542522
256 0.2680574690021649
256 0.815015015015015
256 0.2530959752321981
256 0.27010653854188427
256 0.14403758911211925
256 0.16820892453218178
256 0.1959272439699486
256 0.24361224887848645
256 0.2855985416244683
256 0.2450793650793651
256 0.4334103156274057
256 0.12883435582822086
256 0.06354766074555918
256 0.23736513344690516
256 0.08875562218890555
256 0.09439754412893323
256 0.07183908045977011
256 0.12790484903934127
256 0.2321465750572559
256 0.16183574879227053
256 0.25073187532288616
256 0.1449074074074074
256 0.16746069556931872
256 0.29414234726013017
256 0.148007108403148
256 0.14876331467773968
256 0.13498293515358362
256 0.2724790325726546
256 0.148171109733416
256 0.09884348496530455
256 0.2998215348007139
256 0.1784011734506784
256 0.09558369363804818
256 0.08632819927742917
256 0.0918464769906435
256 0.11537723171434057
256 0.12454502294666878
256 0.0680672268907563
256 0.14144050104384134
256 0.08941925218774861
256 0.2933928192054387
256 0.14957925467971836
256 0.18951194184839046
256 0.19198827552515876
256 0.28853681267474374
256 0.03789782244556114
256 0.16397273612463487
256 0.09238634288844258
256 0.08684045226130653
256 0.2785388127853881
256 0.051661158462341275
256 0.301787796346677
256 0.08865919347794439
256 0.2696754942185752
256 0.11148232811675751
256 0.24571428571428572
256 0.2787207432553154
256 0.12602697256239342
256 0.2610619469026549
256 0.09319114027891715
256 0.24489795918367346
256 0.13842482100238662
256 0.10192336816598516
256 0.183743842364532
256 0.209741039272852
256 0.5346283783783784
256 0.153420523138833
256 0.23537777777777777
256 0.10374078709497983
256 0.1485523061254183
256 0.14480111653872993
256 0.1397733405288721
256 0.3435463990139109
256 0.24483204134366926
256 0.08243441203888667
256 0.19845523329129885
256 0.28085665977832047
256 0.13843245601279627
256 0.10378681626928471
256 0.13623445825932504
256 0.09304207119741101
256 0.10742909987669544
256 0.15531419705197827
256 0.11774488608015965
256 0.3046099980548531
256 0.08959888869595416
256 0.13431810374441772
256 0.1576394502829426
256 0.11423297785069729
256 0.10238361862102063
256 0.3037095501183899
256 0.18028218080473785
256 0.10039893617021277
256 0.13685051958433253
256 0.15418736692689852
256 0.28870800138552133
256 0.17931654676258993
256 0.0926278563656148
256 0.3173304237134024
256 0.2997815230961298
256 0.28283388827229006
256 0.24013994910941475
256 0.10597354002405453
256 0.2139818753467727
256 0.19517102615694165
256 0.07355409735998779
256 0.27610693400167086
256 0.26438535309503053
256 0.1085241485472388
256 0.15866261398176293
256 0.1667705735660848
256 0.09596312334124878
256 0.229064039408867
256 0.2084597875569044
256 0.8281120044358192
256 0.10722784057108864
256 0.09782763027119125
256 0.13659420289855073
256 0.28865444482877894
256 0.2790857535659048
256 0.1386703686564862
256 0.17257478817222896
256 0.14954392702832453
256 0.226221928665786
256 0.2300692383778437
256 0.04605144810217665
256 0.10732451678535096
256 0.15364705882352941
256 0.10984640702139331
256 0.23252618924952773
256 0.07493975903614458
256 0.13798396725225995
256 0.29274193548387095
256 0.28201359544368915
256 0.08215477514698871
256 0.3033950617283951
256 0.2418018018018018
256 0.15842636895268475
256 0.1521376085504342
256 0.10842645726366656
256 0.11537908214645375
256 0.3272695772695773
256 0.08666666666666667
256 0.24222972972972973
256 0.070782901792554
256 0.11121239744758432
256 0.11208997188378632
256 0.1723345588235294
256 0.15088487502280606
256 0.18627755355479664
256 0.12322203922742926
256 0.1786480686695279
256 0.14714714714714713
256 0.14334593913200072
256 0.20337881741390512
256 0.19561920808761585
256 0.09130434782608696
256 0.2406707216833799
256 0.28128939312083556
256 0.12193297426690604
256 0.162890625
256 0.2592456975466862
256 0.29360243716679363
256 0.09990972013241048
256 0.11830454347510524
256 0.0961021505376344
256 0.3008573655494934
256 0.3158578856152513
256 0.09292215731558212
256 0.09523809523809523
256 0.09919571045576407
256 0.27504038772213246
256 0.25294550810014726
256 0.06852791878172589
256 0.2960736426826977
256 0.2917816946273094
256 0.36613230145568454
256 0.2957212493229825
256 0.14570179698882954
256 0.17684391080617495
256 0.14466264825977057
256 0.13998499624906227
256 0.11330561330561331
256 0.2558098279226539
256 0.2875278778521187
256 0.08142493638676845
256 0.29754547059862263
256 0.1622670807453416
256 0.2904991948470209
256 0.09189524252285759
256 0.1282330944219383
256 0.2508611955420466
256 0.07541523267993416
256 0.20635575732562939
256 0.18937846512985118
256 0.1646362687086669
256 0.2768984527832118
256 0.19263980263157895
256 0.18128654970760233
256 0.22433116413593637
256 0.18160837919403516
256 0.32466814159292035
256 0.28286219081272085
256 0.13782203255887465
256 0.11818181818181818
256 0.08542199488491048
256 0.7553488372093023
256 0.04804572841031979
256 0.3062794348508634
256 0.058527266411948595
256 0.11863129333735303
256 0.24517374517374518
256 0.1404983947408653
256 0.12084921066956995
256 0.11902811902811902
256 0.29261312824181723
256 0.13110736713126053
256 0.32959970620639
256 0.11448409494590667
256 0.3276991337418128
256 0.31949138902301627
256 0.28227943960620977
256 0.1179841316485454
256 0.14972386991204745
256 0.12266585699104296
256 0.1369147547099422
256 0.18535430407576525
256 0.22199383350462487
256 0.27204130262112786
256 0.15584813227189223
256 0.2642871074702555
256 0.09073330358470921
256 0.07347906241769818
256 0.09547595261880976
256 0.29258436047686404
256 0.10624191461836999
256 0.12939521800281295
256 0.09174745802790257
256 0.03975004339524388
256 0.12169576059850375
256 0.17589370452388484
256 0.23953447976376585
256 0.20562130177514792
256 0.11358541324166792
256 0.06068094453596925
256 0.287292817679558
256 0.14283157329514945
256 0.08854681542155063
256 0.0736642888338914
256 0.19140625
256 0.28029661016949153
256 0.1624515835042151
256 0.25689984377712205
256 0.25983358547655067
256 0.18841309823677582
256 0.26187079682086817
256 0.0818677986658581
256 0.07962232243517475
256 0.2846225535880708
256 0.11302029328988299
256 0.1514637904468413
256 0.04590163934426229
256 0.15987906811310687
256 0.10907220030869491
256 0.17656765676567657
256 0.12540510074679442
256 0.10949868073878628
256 0.37567239285094567
256 0.11359285258455648
256 0.23495032144944478
256 0.25734875782287125
256 0.4583615436696005
256 0.7180232558139535
256 0.06494110353378797
256 0.16036830999424515
256 0.06143344709897611
256 0.09480325419226299
256 0.15185546875
256 0.11338100102145046
256 0.08340971585701192
256 0.15158234226970368
256 0.31494896279222917
256 0.1332842415316642
256 0.06908683831760755
256 0.10845986984815618
256 0.25312145289443816
256 0.26964499401675307
256 0.19618114227779657
256 0.2650712458896602
256 0.13615396850644187
256 0.07633802816901408
256 0.167145468790807
256 0.09780722511437136
256 0.11481396941337595
256 0.31085848686789497
256 0.23450616181460976
256 0.29497595755264466
256 0.28957208142916496
256 0.1524047470331043
256 0.3418160786581839
256 0.18261413383364603
256 0.1089506668809256
256 0.2589093320072932
256 0.06389140271493213
256 0.0887662240787707
256 0.24651444736310366
256 0.14949037372593432
256 0.12845061432902505
256 0.10210163111668757
256 0.07691165553080921
256 0.06574974840657498
256 0.2739155143019511
256 0.1331850753644675
256 0.10125991600559962
256 0.17526740476637268
256 0.11893501488877212
256 0.09380183984316091
256 0.3421509944004634
256 0.08354470513633482
256 0.26345509087700725
256 0.30306558013193635
256 0.156288532675709
256 0.23354388297872342
256 0.1735002157962883
256 0.2703058204537981
256 0.05116796440489433
256 0.237567084078712
256 0.29696531791907516
256 0.13634974014062978
256 0.09873417721518987
256 0.18986734856960205
256 0.20984872867718057
256 0.31134094151212555
256 0.31908291673849337
256 0.12011779293242406
256 0.19077678414869367
256 0.18102269619907027
256 0.31513234559680375
256 0.1204489854655346
256 0.1087077867708624
256 0.08966910836069715
256 0.07679493586540063
256 0.30110964829791237
256 0.08036890645586298
256 0.24388724497741784
256 0.13604408132243967
256 0.17380759902991108
256 0.05600589535740604
256 0.2972287629052708
256 0.15051395007342144
256 0.09876249405045216
256 0.27255709472107825
256 0.09179776997097908
256 0.17683134582623508
256 0.133442088091354
256 0.2801317233809001
256 0.2891471341343313
256 0.29669714498973687
256 0.23897734231475812
256 0.13559042113955408
256 0.12128484400959941
256 0.23141137643176082
256 0.10427764326069411
256 0.05089020771513353
256 0.24194095690532746
256 0.2573346116970278
256 0.12248967383563594
256 0.28105792512572175
256 0.26511379800853485
256 0.2635524798154556
256 0.21617293835068055
256 0.1887188089746278
256 0.2664835164835165
256 0.10650980392156863
256 0.15441783649876134
256 0.0919435593991807
256 0.07501769285208776
256 0.1253221649484536
256 0.2881188118811881
256 0.051963389430174194
256 0.32496438746438744
256 0.13815452839843084
256 0.10631508229761505
256 0.10105059441526126
256 0.09716599190283401
256 0.11598302687411598
256 0.28792569659442724
256 0.15866666666666668
256 0.17566867989646245
256 0.06963107744930369
256 0.08178182319680044
256 0.18093285494618144
256 0.2759699624530663
256 0.2795054327463469
256 0.2603194358017009
256 0.21868109841651634
256 0.17899482384371349
256 0.2852373887240356
256 0.12074098577571948
256 0.06347101174687382
256 0.2767026423520655
256 0.2989649681528662
256 0.3022237196765499
256 0.08658836383501775
256 0.29886755292959133
256 0.125533731853117
256 0.26966518757563535
256 0.1417045621241015
256 0.17493049119555143
256 0.1562817130099452
256 0.10848549946294307
256 0.12480499219968799
256 0.18568273831431725
256 0.27339719970523213
256 0.14943679599499374
256 0.11196911196911197
256 0.2528573940566204
256 0.1018698578908003
256 0.04926722793888369
256 0.29829378309472443
256 0.08492011381046181
256 0.3031460265502819
256 0.17921830314585319
256 0.11179926949340956
256 0.28964059196617337
256 0.06427101472217825
256 0.15624051017309445
256 0.2385496183206107
256 0.13490696071674707
256 0.10411622276029056
256 0.29051937345424567
256 0.24537117148295554
256 0.27616747181964574
256 0.15670926517571884
256 0.09105431309904154
256 0.12761259935236974
256 0.276043863348798
256 0.24285460678146636
256 0.18418150307231762
256 0.24909871244635193
256 0.13808849000157455
256 0.29670765569218566
256 0.26020317234004636
256 0.07458445801960506
256 0.14153079710144928
256 0.214485111662531
256 0.18580715059588299
256 0.2597963058864146
256 0.04335806780154227
256 0.27794117647058825
256 0.23106947697111632
256 0.12144790257104195
256 0.15976171134578934
256 0.13038874602934503
256 0.09851621808143547
256 0.053651534182666424
256 0.09707561861913826
256 0.08399149453219927
256 0.28140026928255435
256 0.09703449667137382
256 0.18243778728800128
256 0.1519867549668874
256 0.08621236133122029
256 0.14045736871823827
256 0.2732594605895881
256 0.09625435540069686
256 0.10954836693233318
256 0.17651757188498401
256 0.25166080500195387
256 0.2613093048915042
256 0.15091210613598674
256 0.25
256 0.15441672285906946
256 0.11484837922621122
256 0.30036630036630035
256 0.31943746860873934
256 0.10353210353210353
256 0.26807727690892363
256 0.08389912706110572
256 0.10443514644351465
256 0.10007880220646179
256 0.293036750483559
256 0.15769035961505995
256 0.28975095785440613
256 0.16279523716572322
256 0.11493366244986115
256 0.10634696755994358
256 0.12120706902300767
256 0.30495914877446323
256 0.17211404728789986
256 0.08611353711790393
256 0.28090737240075614
256 0.31196666005159757
256 0.10636060977746627
256 0.1309739866908651
256 0.24702435451382532
256 0.1877442551195873
256 0.05532239603204884
256 0.14837635303913405
256 0.22333775336237924
256 0.15457207940123657
256 0.12092686459087618
256 0.2316056542225444
256 0.08367375686716438
256 0.1973924977127173
256 0.24320063066614112
256 0.2695528238018885
256 0.08209606986899563
256 0.29495637369653116
256 0.035505430242272346
256 0.13879677877783042
256 0.07928642220019821
256 0.12519950345805994
256 0.25138368148544904
256 0.1493040293040293
256 0.059395801331285206
256 0.09067562228368234
256 0.08357963875205254
256 0.3069908814589666
256 0.11701608971233544
256 0.32422145328719726
256 0.06479376420915882
256 0.10517266083966184
256 0.1543942992874109
256 0.2653962351847548
256 0.10333741579914268
256 0.10301795492168599
256 0.060782411897833816
256 0.3142660234321158
256 0.11366343372468947
256 0.04233000123411082
256 0.1637787799667695
256 0.2538593481989708
256 0.26599769698963643
256 0.2676928853012953
256 0.14795474325500435
256 0.25699745547073793
256 0.09426470588235294
256 0.321159845843274
256 0.28627838104639686
256 0.18686371100164204
256 0.14834630350194553
256 0.06891701828410689
256 0.0978636506440465
256 0.262750545743203
256 0.17759562841530055
256 0.15109343936381708
256 0.09961290322580645
256 0.23495592180912228
256 0.11871295512277731
256 0.28139074040713385
256 0.3055555555555556
256 0.3010928961748634
256 0.11858760826115923
256 0.17151319332256326
256 0.30719912071808025
256 0.30015726802965625
256 0.2848902121324898
256 0.18776758409785932
256 0.04932301740812379
256 0.11366610581417087
256 0.24751760245531684
256 0.26066169439663417
256 0.18915321909831975
256 0.3044037287045966
256 0.08377294787929943
256 0.10422491456974216
256 0.10346420323325635
256 0.27254287294855245
256 0.1378504672897196
256 0.300588977702987
256 0.09208683473389356
256 0.17985492911308934
256 0.05481198215423837
256 0.3038563829787234
256 0.1042956293378353
256 0.11814464965458903
256 0.17674680691209615
256 0.10748595251042233
256 0.0911781285231116
256 0.19757151677299856
256 0.30354505169867063
256 0.1951176983435048
256 0.2946680790960452
256 0.13576881134133043
256 0.08179723502304148
256 0.0962904498816101
256 0.10863618601016022
256 0.09422492401215805
256 0.25038746340623386
256 0.16604142880443648
256 0.08941176470588236
256 0.10899728221999713
256 0.11484502446982056
256 0.3080861958608918
256 0.1386078816246414
256 0.1297280400125039
256 0.2429767441860465
256 0.13038338118561055
256 0.10658307210031348
256 0.17065114815979868
256 0.29903660886319844
256 0.30192755068128946
256 0.13718875502008032
256 0.08396808124773304
256 0.1415125495376486
256 0.2460661345496009
256 0.20955402127262548
256 0.11681388973499848
256 0.2511401163704985
256 0.09617388715200238
256 0.11929824561403508
256 0.19486504279131006
256 0.2871953437613678
256 0.14375230372281608
256 0.24857853589196874
256 0.11163210099188459
256 0.09289998605105315
256 0.08862727676588184
256 0.09721750933152358
256 0.2715098147128967
256 0.12475140119327427
256 0.07082788263875911
256 0.11009490940465919
256 0.3185498711814501
256 0.07648026315789473
256 0.26640639524075105
256 0.13759135684779156
256 0.0965081110805609
256 0.23062217587765033
256 0.04785100286532951
256 0.21094750320102432
256 0.09736989367655288
256 0.08560509554140128
256 0.25122292103424176
256 0.18563760873588747
256 0.14859754175858808
256 0.2650773883650596
256 0.10486956521739131
256 0.30572796595140983
256 0.18275538894095594
256 0.1614448949502396
256 0.09918813978115072
256 0.11134763386278042
256 0.11505840934549529
256 0.12404822335025381
256 0.10075523515276348
256 0.10067219008910427
256 0.3088788562829195
256 0.2968974727758373
256 0.12614223281684545
256 0.1208635360857233
256 0.07927240062878958
256 0.11166330175493089
256 0.28150977308470004
256 0.3099591309959131
256 0.0854295206454675
256 0.2976624490671242
256 0.2800693909020817
256 0.09219858156028368
256 0.16416608513607817
256 0.2852208689329213
256 0.2740860432235912
256 0.28767403767403765
256 0.13462677725118483
256 0.14737952866690116
256 0.15433012583271652
256 0.1682322801024765
256 0.11861346813504242
256 0.05026809651474531
256 0.20676818950930625
256 0.2360130831468411
256 0.3056910569105691
256 0.15401122482667548
256 0.2142397598112803
256 0.31281857655276574
256 0.11951020408163265
256 0.15280276816608995
256 0.27811326913660844
256 0.20670708601743085
256 0.24758574758574758
256 0.12089168333809659
256 0.3047619047619048
256 0.20782241014799155
256 0.29049881235154396
256 0.1962588163140141
256 0.16830583756345177
256 0.1640396964389959
256 0.220987899226344
256 0.11593959731543624
256 0.09333569029520948
256 0.12789526686807653
256 0.2751232054853225
256 0.15271372827243704
256 0.1750561797752809
256 0.11887141535615171
256 0.20434548392889207
256 0.3062730627306273
256 0.16120168529034623
256 0.18834981458590852
256 0.1194587858287342
256 0.15714564242542406
256 0.24595893403232852
256 0.2911813643926789
256 0.2999452654625068
256 0.13181586546628163
256 0.16120280352701785
256 0.1776943080034672
256 0.262533692722372
256 0.275359502526234
256 0.28600364593882927
256 0.23372875921769798
256 0.3168648467593368
256 0.25420653249752556
256 0.044495715227422544
256 0.21143077814249855
256 0.3039383561643836
256 0.0826158940397351
256 0.1913057906089265
256 0.10098276598775104
256 0.298326359832636
256 0.1296612581838884
256 0.11036485750589944
256 0.27454718779790277
256 0.2941068814055637
256 0.18055555555555555
256 0.12969924812030076
256 0.09115728803276202
256 0.1519048384504099
256 0.2835658914728682
256 0.27312931186980366
256 0.17339805825242718
256 0.28010910616869494
256 0.22366055375764113
256 0.11568813131313131
256 0.2552838789888106
256 0.1134035492713894
256 0.07225229465756648
256 0.31427530954115074
256 0.2807998279939798
256 0.10161662817551963
256 0.26019916479280436
256 0.3027703306523682
256 0.08406134731120171
256 0.10402177199879044
256 0.06025774991292233
256 0.24355891446238406
256 0.2459485224022879
256 0.1000147732309056
256 0.05634222685944254
256 0.09675090252707581
256 0.2965040194428865
256 0.22202735882146615
256 0.2536964980544747
256 0.13640805159273012
256 0.056333277112497894
256 0.2891354111639373
256 0.1273434736469756
256 0.1638714185883997
256 0.27861246133451173
256 0.11107559533322679
256 0.11885565669700911
256 0.30099344747410695
256 0.19709870703248186
256 0.22757001509307395
256 0.2022977022977023
256 0.05149114631873253
256 0.149873417721519
256 0.16306156405990016
256 0.08429909509445944
256 0.10707144155608071
256 0.1159274193548387
256 0.11341961852861035
256 0.15591397849462366
256 0.06947684105298234
256 0.1612002791346825
256 0.10086083213773314
256 0.2553264019089824
256 0.09760866295683561
256 0.09332579185520362
256 0.3005511539786428
256 0.2330660296877666
256 0.2749135491983653
256 0.14635340186000978
256 0.2608932461873638
256 0.1715046604527297
256 0.10869895248216184
256 0.2332189168573608
256 0.2092245989304813
256 0.10104431272932543
256 0.05612071888775856
256 0.11285859909713121
256 0.2391424875254112
256 0.1557115507338864
256 0.2321523945166459
256 0.05375626043405676
256 0.17803715272069703
256 0.30464101547005157
256 0.2917527709938005
256 0.06993006993006994
256 0.3480556044342777
256 0.24013683010262257
256 0.1953210010881393
256 0.1047468908740585
256 0.26241276171485545
256 0.11312849162011174
256 0.11228003060443764
256 0.10868812737971617
256 0.11087975013014055
256 0.14573956231569143
256 0.2586788335647689
256 0.1299084735754355
256 0.1841162839688224
256 0.09619172685489166
256 0.31110335195530725
256 0.11764705882352941
256 0.13815557902147133
256 0.11925538103548575
256 0.09671772428884026
256 0.25239077442340146
256 0.2987948035686336
256 0.10970942593905032
256 0.06716617607706717
256 0.13662018592297476
256 0.2745058491327148
256 0.1425947187141217
256 0.2680772391125719
256 0.2329605033205173
256 0.07045913947444413
256 0.1054945054945055
256 0.3049525816649104
256 0.2612536096483778
256 0.30072239422084623
256 0.13560141889712995
256 0.09099966788442378
256 0.2303550059832469
256 0.1083596214511041
256 0.11430503889076767
256 0.05359930615784909
256 0.29563168388617
256 0.08644039458284568
256 0.09616220130340333
256 0.2772735362164086
256 0.29477707006369425
256 0.2867951720410737
256 0.09066799270677937
256 0.2689282202556539
256 0.11067883015830426
256 0.17613065326633165
256 0.28762656598592756
256 0.16312433581296493
256 0.15692934782608695
256 0.1918158567774936
256 0.1807248236048749
256 0.24804177545691905
256 0.1212481426448737
256 0.2119535141117875
256 0.1542359140656668
256 0.26922300706357216
256 0.296875
256 0.3125232255667038
256 0.11958724894048277
256 0.14697561632763034
256 0.2510681586978637
256 0.04064272211720227
256 0.26403326403326405
256 0.7773404554399775
256 0.1250533504054631
256 0.28248998907899525
256 0.3078800557880056
256 0.17383950385265928
256 0.14471517945340798
256 0.12244897959183673
256 0.11613899613899614
256 0.23458646616541354
256 0.2916587497624929
256 0.25207485760781123
256 0.24103139013452915
256 0.31819017840720987
256 0.17734495130702205
256 0.11700955180014695
256 0.14321955719557194
256 0.15318539727988548
256 0.1515227787566071
256 0.2725385014708427
256 0.17436270939548434
256 0.1363835696535594
256 0.1872418540614961
256 0.13542361574382922
256 0.03343653250773994
256 0.2981478151411617
256 0.15204585257124661
256 0.13185550082101807
256 0.3397516645672125
256 0.09017685168972159
256 0.12099903006789525
256 0.2155600514989884
256 0.1877804625474629
256 0.2172514171901333
256 0.2606354334948842
256 0.195562435500516
256 0.22412371134020617
256 0.159611845407395
256 0.2876984126984127
256 0.12475801247580125
256 0.1460124518233027
256 0.09218106995884774
256 0.09464313602998595
256 0.08733031674208144
256 0.06611570247933884
256 0.07981698017285206
256 0.14210019267822735
256 0.11640583787585722
256 0.19218910585817062
256 0.13812824956672443
256 0.2531626506024096
256 0.11293994046576782
256 0.055628487036429274
256 0.31162487788993815
256 0.2675680822700438
256 0.26814899277841125
256 0.10807956345713783
256 0.32129420617005267
256 0.2495650492944133
256 0.2796034514411603
256 0.16233108108108107
256 0.27078693392724573
256 0.18154761904761904
256 0.14498904709748084
256 0.10680332739156269
256 0.04908424908424908
256 0.1474004424778761
256 0.10516402448595197
256 0.2496757457846952
256 0.2540965698055495
256 0.3191901408450704
256 0.21478540366799018
256 0.08734602463605823
256 0.2857142857142857
256 0.2957248473159756
256 0.1297451434681875
256 0.0985192786981381
256 0.13714849531327084
256 0.2969881814715974
256 0.11312929061784897
256 0.27807672279118206
256 0.3072888406583469
256 0.1421907394609537
256 0.29217423403469917
256 0.10286992172940738
256 0.07368092413362473
256 0.11922739244951712
256 0.1429046194749086
256 0.15259515570934257
256 0.24806451612903227
256 0.062021439509954056
256 0.09691144027734006
256 0.2902524661427855
256 0.15861466821885914
256 0.29291740239356484
256 0.09280109177755032
256 0.24294478527607363
256 0.0972393177422191
256 0.24971558589306028
256 0.13934606100504718
256 0.2581636573184787
256 0.2652542372881356
256 0.1567531305903399
256 0.24183310109924136
256 0.1430563301728946
256 0.24827981651376146
256 0.2961901550910317
256 0.18350249718060255
256 0.12541976930938822
256 0.25224913494809686
256 0.08109538298716762
256 0.11483788532183357
256 0.15450708471510402
256 0.278040786598689
256 0.21662292213473316
256 0.131265664160401
256 0.14868243893056357
256 0.09836612204068022
256 0.10233576642335766
256 0.07952744561302406
256 0.25507819521840736
256 0.10161888043690268
256 0.28484848484848485
256 0.14367816091954022
256 0.23933606996252008
256 0.23769507803121248
256 0.24503179650238474
256 0.14871886758645403
256 0.10831837223219629
256 0.22189251566106166
256 0.3135664808244636
256 0.037652878933626496
256 0.0721728081321474
256 0.09628291171915333
256 0.07479861910241657
256 0.24100268576544315
256 0.2874493927125506
256 0.3101555352241537
256 0.10973282442748092
256 0.25584868093578894
256 0.2036018009004502
256 0.09190059002324334
256 0.2949979499794998
256 0.28157894736842104
256 0.08579261409450088
256 0.11400153022188217
256 0.13966731604975274
256 0.05522103098839771
256 0.27621009268795055
256 0.2715577889447236
256 0.20939086294416243
256 0.2569163565766057
256 0.27124895222129086
256 0.2965904688105386
256 0.058614037691052084
256 0.09900452488687783
256 0.08777520278099653
256 0.7880254777070064
256 0.07635101636093208
256 0.10521371535932363
256 0.26475814412635734
256 0.2663764961915125
256 0.0894543126900304
256 0.25756235627100654
256 0.17146356399265156
256 0.08095854922279792
256 0.10436794121649204
256 0.10118947897470262
256 0.038557420641515704
256 0.12938271604938273
256 0.12173913043478261
256 0.21521739130434783
256 0.2648759559783622
256 0.30335422042019905
256 0.2980093676814988
256 0.05978812944420258
256 0.12725434013146805
256 0.2428193114687309
256 0.3019660240503913
256 0.11463022508038585
256 0.23327805417357655
256 0.2625754527162978
256 0.12074418604651163
256 0.19180241723594324
256 0.10361707914060375
256 0.09641119221411192
256 0.1526990754548166
256 0.15421092564491654
256 0.30648492358529533
256 0.2878338278931751
256 0.15819947702652223
256 0.3099815157116451
256 0.15233248515691264
256 0.29462738301559793
256 0.10140845070422536
256 0.2875882946518668
256 0.3102129983615511
256 0.2980464184337953
256 0.057667934093789605
256 0.07581086361860101
256 0.1811606681591183
256 0.09165613147914033
256 0.09410155062328976
256 0.18215994531784005
256 0.09065800162469537
256 0.11290322580645161
256 0.08134882834825681
256 0.10899137358991373
256 0.09234042553191489
256 0.08969724356077723
256 0.1721951219512195
256 0.1558338302524349
256 0.14568158168574402
256 0.09769837437630774
256 0.14454828660436136
256 0.07952934505245252
256 0.14438334642576592
256 0.07709251101321586
256 0.2740206587409862
256 0.11944113136820583
256 0.2702368328031106
256 0.11501934576151952
256 0.29730815588589793
256 0.1062876347850441
256 0.08759905761405012
256 0.27130281690140845
256 0.04870577423801501
256 0.18035847647498132
256 0.08372497824194952
256 0.2362389460386212
256 0.274468085106383
256 0.2190596668775037
256 0.10163479333744602
256 0.2620459599703484
256 0.6907689101896228
256 0.10745341614906832
256 0.09803921568627451
256 0.21254934552254312
256 0.24625407166123778
256 0.28415401703072934
256 0.11055363321799308
256 0.14404720583130856
256 0.07300710339384373
256 0.06351163866193926
256 0.2779984114376489
256 0.2804924971142747
256 0.2860368837034249
256 0.09685823754789272
256 0.30131625755958735
256 0.14092140921409213
256 0.20007268762493186
256 0.09124704291990537
256 0.08
256 0.10968229954614221
256 0.17325645249862712
256 0.10643131772107654
256 0.08087291399229782
256 0.08090614886731391
256 0.10312336415983249
256 0.135901283975321
256 0.2646809950922322
256 0.27258593884954224
256 0.2418070727643029
256 0.1756451612903226
256 0.30398562561254494
256 0.1192063750203285
256 0.08423550348509566
256 0.15085536547433903
256 0.20605504587155962
256 0.1154799273087725
256 0.24154397134898528
256 0.2711693548387097
256 0.24848607186112232
256 0.2855715427657874
256 0.0964340490797546
256 0.2850893182646737
256 0.22156994297215699
256 0.15245849297573436
256 0.061383061383061384
256 0.12083828775267538
256 0.30856685348278623
256 0.17737202477991523
256 0.05559331249150469
256 0.2973936288705725
256 0.17567567567567569
256 0.24336604870956016
256 0.22296701358264245
256 0.3077219333718467
256 0.21741501545173605
256 0.09538367471721186
256 0.15974282888229477
256 0.12356640769515354
256 0.2949773569370111
256 0.24111675126903553
256 0.2586915887850467
256 0.06628169721315591
256 0.28945997569022397
256 0.2884998892089519
256 0.23940298507462687
256 0.1147511953249513
256 0.1014143362262938
256 0.25650815688996875
256 0.15261678960309097
256 0.11456400742115028
256 0.2118769534462905
256 0.2964863797868141
256 0.1901913875598086
256 0.3244228432563791
256 0.16103286384976526
256 0.11268839817735717
256 0.3081466041340976
256 0.16202135972909612
256 0.29025778372949446
256 0.3083623693379791
256 0.11228445395000668
256 0.10954446854663774
256 0.27314181486548106
256 0.1630338078291815
256 0.12903225806451613
256 0.0853719420868697
256 0.18448204704911267
256 0.10879010695187166
256 0.6423017107309487
256 0.1289435069699193
256 0.11031096563011457
256 0.31536589930750514
256 0.11943069306930693
256 0.06896551724137931
256 0.08391070053887606
256 0.09432739059967585
256 0.14534508707804772
256 0.16623231571109456
256 0.15610972568578554
256 0.29983342587451417
256 0.045656855707106966
256 0.15351724137931033
256 0.11771321462043112
256 0.11890099478919944
256 0.08244962884411453
256 0.18478260869565216
256 0.28777416734362304
256 0.31897163120567373
256 0.09053999187982135
256 0.12370359236434691
256 0.30760054533060666
256 0.15248679176534888
256 0.19100077579519006
256 0.18665897731641676
256 0.101195095452429
256 0.13290572792362768
256 0.29698463872558317
256 0.21522693997071743
256 0.3011771900321052
256 0.07943338712569482
256 0.0686625447445493
256 0.21056149732620322
256 0.12763377292708808
256 0.2790421531763309
256 0.23059617547806524
256 0.2655443322109989
256 0.2987938596491228
256 0.1960392078415683
256 0.15821439416945035
256 0.32331352673890246
256 0.2504717790358552
256 0.17513801637159718
256 0.28925108314421294
256 0.2333898305084746
256 0.085411051212938
256 0.09432018834608594
256 0.1024315259921744
256 0.2042808862185505
256 0.2980591497227357
256 0.059975010412328195
256 0.27734827986084265
256 0.1401124648547329
256 0.2822360732372419
256 0.24848484848484848
256 0.3114926419060967
256 0.089632506722438
256 0.07842645953395139
256 0.10595004209935448
256 0.13288464548442636
256 0.15262880253209074
256 0.16768811712631937
256 0.19061833688699362
256 0.2268630849220104
256 0.15273860768888228
256 0.17207792207792208
256 0.1575044333387071
256 0.2513533020570191
256 0.2949991581074255
256 0.24186390532544377
256 0.17210982658959537
256 0.09532401142685311
256 0.13723589842992828
256 0.1347685048658213
256 0.05001344447432105
256 0.06639935846030473
256 0.2956378299120235
256 0.21857233101705623
256 0.3060923983066446
256 0.24653215636822196
256 0.11925005450185307
256 0.2940112540192926
256 0.3045822102425876
256 0.2846361185983827
256 0.10603029436981995
256 0.19433288710397145
256 0.11183272612070332
256 0.18922115222165906
256 0.28323806011432784
256 0.12672651933701656
256 0.06976377952755905
256 0.09900606686459275
256 0.27256276860438816
256 0.31155324440425053
256 0.2798172621961168
256 0.11683111683111683
256 0.1150709219858156
256 0.136691665487477
256 0.12634720610180733
256 0.09038302562689446
256 0.27468619246861925
256 0.12654267338779768
256 0.22828111769686707
256 0.05765692087507667
256 0.2890184645286686
256 0.30544177881802226
256 0.2109998302495332
256 0.26136363636363635
256 0.20026569246097642
256 0.03933692935140113
256 0.19450571485863244
256 0.133398885611275
256 0.09984051036682616
256 0.09443556588696789
256 0.04272942413883776
256 0.14457831325301204
256 0.10019611338919593
256 0.11702127659574468
256 0.07065767284991568
256 0.04434941967012828
256 0.2861005949161709
256 0.20293847566574838
256 0.06622998544395925
256 0.2919986144786976
256 0.1456529269137513
256 0.15509915014164305
256 0.2402908610147083
256 0.3181345353675451
256 0.12005904543217977
256 0.06518780620577028
256 0.1383859649122807
256 0.12312766249828226
256 0.18904244817374136
256 0.2508231648266512
256 0.1545603495357728
256 0.11652146857498444
256 0.14338055691255497
256 0.0979703356752537
256 0.25892255892255894
256 0.3091051191871825
256 0.22823799502582742
256 0.1862913622690159
256 0.2962816455696203
256 0.2707516921980762
256 0.16972878390201224
256 0.09320722269991402
256 0.13707421425045252
256 0.07374631268436578
256 0.18074324324324326
256 0.3000914913083257
256 0.10374764867602373
256 0.11278328611898017
256 0.2695327836670593
256 0.16611387506909894
256 0.2885458691457639
256 0.12946428571428573
256 0.2149991535466396
256 0.09145167500962649
256 0.2745238095238095
256 0.24096622152395916
256 0.2940653873489694
256 0.2051357733175915
256 0.14445331205107742
256 0.05574812247255921
256 0.18555614127569847
256 0.2440497986085683
256 0.06379777309659945
256 0.04482417038137692
256 0.24947985625118216
256 0.14253486464315013
256 0.09497045683816112
256 0.21293089229754247
256 0.2781456953642384
256 0.30196523053665913
256 0.29481923220275813
256 0.34771700953336676
256 0.28672150411280845
256 0.0954041204437401
256 0.1274696048632219
256 0.126575720946296
256 0.29658190912880367
256 0.2676382908247764
256 0.0822697481890307
256 0.15619941728714795
256 0.1793900018047284
256 0.25264329437952143
256 0.13562510689242346
256 0.2986599664991625
256 0.2913113620649919
256 0.03957986422441399
256 0.0474568021416403
256 0.1312457221081451
256 0.2635759142962689
256 0.27089527585067724
256 0.05080253276395229
256 0.14580120566381607
256 0.12516447368421052
256 0.1173370319001387
256 0.22917781344747637
256 0.08894044856921887
256 0.11180210060807076
256 0.1369104449112087
256 0.25523774822372014
256 0.17523017523017523
256 0.09686905379692094
256 0.06025824964131994
256 0.12760609197101877
256 0.08236729713239781
256 0.11721432074546347
256 0.31884845192829986
256 0.16253174448134403
256 0.31072375899962107
256 0.08628428927680798
256 0.25420246544639524
256 0.17285657842749902
256 0.26388181355068774
256 0.10868897758673626
256 0.24616677168662046
256 0.27789115646258505
256 0.11804844762879563
256 0.14295168762409
256 0.10324776627428733
256 0.26588569400071
256 0.14208340855750135
256 0.15319723300151847
256 0.17545126353790613
256 0.09923312883435582
256 0.2923754252551531
256 0.06984478935698447
256 0.138635142396561
256 0.11021974189047785
256 0.20365168539325842
256 0.217
256 0.16973959323322563
256 0.0866779089376054
256 0.2018695306284805
256 0.27928524156187956
256 0.14863940927116095
256 0.12218745343465952
256 0.2788928797802662
256 0.09648195681715235
256 0.12769010043041606
256 0.1933873986275733
256 0.06225563909774436
256 0.23964811163355074
256 0.09370585465390048
256 0.08739985433357611
256 0.053999187982135606
256 0.0941470054446461
256 0.10329739021722144
256 0.23851983950066874
256 0.3055392444705422
256 0.15078578507716267
256 0.29874421678783875
256 0.09647802528597231
256 0.2597582037996546
256 0.1723720084822781
256 0.07723577235772358
256 0.14969413458078445
256 0.2862050262158742
256 0.2790325449048551
256 0.29296498554449085
256 0.315632569405627
256 0.10171410090556274
256 0.17000513610683102
256 0.08931139159610162
256 0.25322798227018695
256 0.09491903964265773
256 0.2001067235859125
256 0.12717306186374314
256 0.3070661586421891
256 0.052318668252080855
256 0.288117989198172
256 0.1171470805617147
256 0.13736017897091723
256 0.09045629820051414
256 0.28475960645999626
256 0.1252676659528908
256 0.16501766784452296
256 0.10007513148009016
256 0.1046782114241406
256 0.3011942395504039
256 0.09486096444913762
256 0.254614010716412
256 0.2723851030110935
256 0.29838855694369004
256 0.27548209366391185
256 0.2757458284173268
256 0.0917180013689254
256 0.15371165156572883
256 0.10059253134904231
256 0.2815184815184815
256 0.18420499894980047
256 0.1833996023856859
256 0.14734965148322257
256 0.2785885830408276
256 0.11834319526627218
256 0.30034456355283307
256 0.28750923872875095
256 0.3131217432496447
256 0.2865370770338373
256 0.14731800766283526
256 0.14787785673132323
256 0.15089612642127578
256 0.1125102207686018
256 0.13470948012232417
256 0.14462879168761522
256 0.26711686362783715
256 0.2541456380677722
256 0.30483812295380136
256 0.27683711479851
256 0.14866018091824543
256 0.15193559438163753
256 0.12973484848484848
256 0.09122026356323806
256 0.07630522088353414
256 0.1156644963615473
256 0.12765620044402157
256 0.24328737300435413
256 0.1456296073416579
256 0.1189749037312442
256 0.1813457330415755
256 0.2791983413959917
256 0.10938310005184033
256 0.1342682140554481
256 0.10817557728312877
256 0.11398100316613897
256 0.08582615505090055
256 0.10174880763116058
256 0.2806177942136176
256 0.14332151300236406
256 0.25747406955460644
256 0.1188655194391332
256 0.27534298780487804
256 0.2748
256 0.2718671152228764
256 0.048998459167950696
256 0.17565674255691768
256 0.275867966478536
256 0.1618152232869282
256 0.11205406254911206
256 0.29519918283963226
256 0.23928395467236
256 0.11627906976744186
256 0.1151768836078855
256 0.03794845227302163
256 0.12002192181220314
256 0.09745649263721552
256 0.2918515888514113
256 0.1852851839352008
256 0.163185600271693
256 0.10125260960334029
256 0.19107572671727457
256 0.1557918479136459
256 0.10753846153846154
256 0.13808909898295374
256 0.08559498956158663
256 0.3364871838981593
256 0.1161186848436247
256 0.11580574520159732
256 0.10706018518518519
256 0.10196258816314015
256 0.19078473722102232
256 0.17962252079334612
256 0.26135643355165855
256 0.24523209787693415
256 0.24575371549893843
256 0.29181835600689787
256 0.21753713464302826
256 0.05062197650310988
256 0.10225612725206946
256 0.3052869779880683
256 0.24951380785686503
256 0.07723169508525576
256 0.31636363636363635
256 0.30259134073716404
256 0.14930015552099535
256 0.13279518835074391
256 0.09585238406270412
256 0.17897819720143182
256 0.10864785635764015
256 0.28263103802672146
256 0.05674558436677941
256 0.26729910714285715
256 0.07939366651658412
256 0.11268382352941177
256 0.33955891118617126
256 0.1251329315845445
256 0.27121186864477415
256 0.105920856887831
256 0.131885593220339
256 0.1109366823652538
256 0.08121908409127174
256 0.28496503496503495
256 0.06586545965350397
256 0.2924908776646822
256 0.12307692307692308
256 0.1454912516823688
256 0.14350990015231005
256 0.17207265650340578
256 0.16525295365040896
256 0.11131353616323557
256 0.308634884166188
256 0.05697041071691447
256 0.2678998911860718
256 0.17904761904761904
256 0.24253430185633576
256 0.1094510659728051
256 0.16515065378055713
256 0.30126432240221257
256 0.29627611262488646
256 0.3828447339847991
256 0.29571178064721826
256 0.08129072292894818
256 0.04812518452908179
256 0.2805713167677558
256 0.29702776691435273
256 0.19357235742151216
256 0.10379079667545105
256 0.2968494271685761
256 0.24189607427919857
256 0.1007029876977153
256 0.09213483146067415
256 0.17233835683033544
256 0.0928030303030303
256 0.2544992175273865
256 0.16351219512195123
256 0.16500746640119462
256 0.17082721488007832
256 0.2337082663810034
256 0.18052946199829206
256 0.2765158290109104
256 0.13245334547109694
256 0.24718270829484573
256 0.10281954887218045
256 0.1120586730342828
256 0.07532354224225679
256 0.9055158324821246
256 0.2965288035450517
256 0.23414366660573935
256 0.17353951890034364
256 0.2813998082454458
256 0.283989092325672
256 0.32732732732732733
256 0.14318635735135965
256 0.11774461028192372
256 0.2808141726347531
256 0.12468285610728524
256 0.08736426456071077
256 0.16322657176749703
256 0.27693164933135217
256 0.31107110711071106
256 0.31598733676296004
256 0.18065487391795257
256 0.14346413396650837
256 0.09619722848855945
256 0.11416339636104174
256 0.09308215925280988
256 0.2970164264163594
256 0.2973902488367388
256 0.2967159592855771
256 0.18090609813450384
256 0.0747979703063334
256 0.28263795423956933
256 0.11674322825914779
256 0.14737793851717904
256 0.3013015184381779
256 0.177979797979798
256 0.2434149075284887
256 0.10096153846153846
256 0.1447129909365559
256 0.09810874704491726
256 0.10959698463322702
256 0.07237299930410578
256 0.24844595949468617
256 0.08833100883310088
256 0.07158207968259217
256 0.12127934923276021
256 0.08590138674884437
256 0.1901840490797546
256 0.23298327499027616
256 0.1232115805419963
256 0.2121526337619245
256 0.209377990430622
256 0.14982578397212543
256 0.2800642441276852
256 0.26757904672015104
256 0.2577785817655572
256 0.3002078216512375
256 0.11197916666666667
256 0.15053763440860216
256 0.09598282735357253
256 0.2065093572009764
256 0.29889112903225806
256 0.34796831955922863
256 0.09980119284294235
256 0.2622590875823372
256 0.2725761772853186
256 0.1542972022114257
256 0.2927905836194213
256 0.260538261997406
256 0.0564755838641189
256 0.26367265469061874
256 0.1452347307269587
256 0.3305951383067896
256 0.3160741885625966
256 0.30651925276401065
256 0.2991869918699187
256 0.184622067767159
256 0.1669088267344715
256 0.11906412478336222
256 0.2475355969331873
256 0.07847932414406403
256 0.15401785714285715
256 0.2731559447625463
256 0.0931841601648756
256 0.19038461538461537
256 0.07376425855513308
256 0.2994751989165397
256 0.09894481923542639
256 0.3160621761658031
256 0.17305126739089002
256 0.29866989117291415
256 0.07884028484231943
256 0.10220635950681375
256 0.0712464137711189
256 0.099917650288224
256 0.28689492325855964
256 0.18673076923076923
256 0.1710954446854664
256 0.24349315068493152
256 0.2807952449272392
256 0.1482394366197183
256 0.08843745226821445
256 0.2977452302948545
256 0.291340206185567
256 0.285599839775686
256 0.31348547717842323
256 0.2591549295774648
256 0.12588996763754046
256 0.16068601583113457
256 0.2533550223668158
256 0.11514095660437124
256 0.17586261726824615
256 0.2879082426127527
256 0.13800080938891138
256 0.06445068664169788
256 0.11030096183679801
256 0.0912313145322854
256 0.24583333333333332
256 0.29987802753092874
256 0.0895935960591133
256 0.18676716917922948
256 0.2422608695652174
256 0.09317904993909866
256 0.10292072322670376
256 0.2690208120095531
256 0.09750038813848781
256 0.2772375144222845
256 0.40690435766836447
256 0.18346675379839897
256 0.109551334984861
256 0.24928469241773962
256 0.12430340557275542
256 0.28286784741144416
256 0.11295369211514393
256 0.10981113153936152
256 0.14116137311517485
256 0.23049777117384845
256 0.07121879588839941
256 0.24862204724409448
256 0.14985994397759103
256 0.11029207232267038
256 0.15226469643430773
256 0.1405087385360789
256 0.10119726339794755
256 0.12307476897227668
256 0.14985590778097982
256 0.3104815864022663
256 0.28305332359386415
256 0.057890800299177265
256 0.3006352765321375
256 0.09908088235294117
256 0.28973048327137546
256 0.2070228349849203
256 0.07356547327121138
256 0.23509933774834438
256 0.19648462021343377
256 0.29267791032496915
256 0.11801730920535011
256 0.25142766497461927
256 0.2569854388036206
256 0.2004922377887164
256 0.18360007192950908
256 0.08185125303152789
256 0.3082870737509913
256 0.12267232930414897
256 0.3094604863221885
256 0.12005227781926811
256 0.09601135109569604
256 0.2508414526129318
256 0.16360715924736116
256 0.11463994565217392
256 0.16484268125854992
256 0.16686692700510664
256 0.1800595238095238
256 0.2522186723464679
256 0.28904646389251726
256 0.08482278097546198
256 0.32084309133489464
256 0.2766026684022128
256 0.10927770859277709
256 0.10008990110878034
256 0.17891054472763618
256 0.2903737259343148
256 0.3384036916766365
256 0.13990707279297884
256 0.2967032967032967
256 0.15046858729607776
256 0.27495682210708117
256 0.2740273396424816
256 0.11261261261261261
256 0.09458823529411765
256 0.2989985693848355
256 0.12510974539069358
256 0.07220333495224218
256 0.2836693548387097
256 0.2565623876303488
256 0.10651737008326155
256 0.26014625228519195
256 0.1568428184281843
256 0.09184525466184247
256 0.2943878570001997
256 0.20593461265103055
256 0.1419569403115701
256 0.09348183312032135
256 0.18940858136838037
256 0.28738197424892703
256 0.24062073669849932
256 0.09412528399870172
256 0.310841546626232
256 0.30633223684210525
256 0.25320938468348825
256 0.14083769633507853
256 0.31520591341077087
256 0.10362608117099135
256 0.14061950017599437
256 0.1732506643046944
256 0.07791986359761296
256 0.29678362573099415
256 0.08608941332890145
256 0.2373054873054873
256 0.25629127253257183
256 0.07279003451898544
256 0.09349593495934959
256 0.19384107781138302
256 0.06565656565656566
256 0.11962094143234427
256 0.2361111111111111
256 0.11737882114507685
256 0.25084275232996234
256 0.2838541666666667
256 0.12129779213785676
256 0.18738049713193117
256 0.1444743935309973
256 0.11917494270435447
256 0.2825355272999252
256 0.05918429929469488
256 0.24146836377052205
256 0.12652180613345662
256 0.3025127278699294
256 0.15065828845002993
256 0.13989637305699482
256 0.10670778720123361
256 0.21588712794742945
256 0.18409608614620004
256 0.32180120812740254
256 0.09868796349115802
256 0.16534269351561057
256 0.2848165416582201
256 0.25765765765765763
256 0.13279896013864817
256 0.09703033190408131
256 0.25953627524308154
256 0.07177256485940656
256 0.10329201652672264
256 0.1432271826908426
256 0.11553648068669528
256 0.09630795649685174
256 0.13395810363836824
256 0.2883179622310057
256 0.09916054564533054
256 0.06768516727905627
256 0.22084073416222616
256 0.06368257554363174
256 0.2690479840564158
256 0.24286230574629564
256 0.14611338398597312
256 0.14584046559397468
256 0.20537855429941762
256 0.3032569736637058
256 0.2348916761687571
256 0.05957700327673518
256 0.3043560966330607
256 0.16756341275941583
256 0.15672322568874292
256 0.1577029840388619
256 0.13989169675090252
256 0.10010747735298633
256 0.09036295369211514
256 0.11607002050149819
256 0.06097560975609756
256 0.23312666076173605
256 0.14249578414839797
256 0.1871069182389937
256 0.19703131354209028
256 0.31710997924919826
256 0.10984585474239689
256 0.10790564233343959
256 0.0819648306932132
256 0.2960969044414536
256 0.26938413823659724
256 0.31790932933683025
256 0.30311259661583456
256 0.17356382049938887
256 0.0786833855799373
256 0.2642757660167131
256 0.16273033999480924
256 0.13057996485061513
256 0.11194429566148902
256 0.14090407938257993
256 0.286128097843579
256 0.09482476252866033
256 0.14058405091725945
256 0.09869791666666666
256 0.1386381025248661
256 0.305996637399589
256 0.1976365118174409
256 0.0895592740985152
256 0.1499312242090784
256 0.10738456910813657
256 0.08104442183791116
256 0.12065052950075643
256 0.05358737719559393
256 0.14923318914667716
256 0.13193209377526274
256 0.2637029101946081
256 0.2590469365818703
256 0.13692332950254474
256 0.11984346975379097
256 0.09610194902548726
256 0.26877470355731226
256 0.24330616996507567
256 0.2166542473919523
256 0.1474147414741474
256 0.1462298682284041
256 0.25765076507650764
256 0.16201751540707104
256 0.07692307692307693
256 0.16832669322709162
256 0.1706508875739645
256 0.23970818134445024
256 0.09138623031799938
256 0.1674565560821485
256 0.2821765498652291
256 0.1862560234653258
256 0.2893835616438356
256 0.10659045057162071
256 0.28134196586227195
256 0.14111965659094974
256 0.19663669663669664
256 0.3034575360859349
256 0.16971409574468085
256 0.2661336379211879
256 0.11112742219612448
256 0.08460877042132416
256 0.0965977090100872
256 0.26323218066337334
256 0.9056910569105691
256 0.30313882452074997
256 0.21269119470855727
256 0.2882846861255498
256 0.11528954802259887
256 0.25831923293852227
256 0.09099181073703366
256 0.12872379551305627
256 0.18387208898157803
256 0.12427796254157185
256 0.15060352831940577
256 0.2875434027777778
256 0.29479546763971576
256 0.211781206171108
256 0.2728067109402307
256 0.330939226519337
256 0.25451402228198233
256 0.15361117172157976
256 0.2895297077607896
256 0.13458778504225802
256 0.27269223357101563
256 0.2839266831159676
256 0.2614452423698384
256 0.204
256 0.06416823941763279
256 0.2982484858405631
256 0.11276196434157022
256 0.06913744390892472
256 0.12921890067502412
256 0.15287049399198932
256 0.2869582426281417
256 0.2744985673352435
256 0.17322114505213096
256 0.09904487766583803
256 0.2681826385129038
256 0.27241497767090345
256 0.2537403962798221
256 0.1396623222748815
256 0.18222855785222142
256 0.30484330484330485
256 0.17040205303678357
256 0.19540229885057472
256 0.2822512290218681
256 0.2651327433628319
256 0.2182933429550785
256 0.0917462482946794
256 0.2978940911878961
256 0.31123517096999304
256 0.3614546797120177
256 0.12831928764509462
256 0.11820781696854146
256 0.183991683991684
256 0.2812041116005874
256 0.1394866889845369
256 0.1923679060665362
256 0.12729374367865914
256 0.1531953195319532
256 0.2821773165847442
256 0.1005729794933655
256 0.2846027846027846
256 0.04972830561501729
256 0.11214953271028037
256 0.2587744261051034
256 0.13011152416356878
256 0.12895716945996274
256 0.1231239208394209
256 0.1742861858392474
256 0.10593290365228888
256 0.2886995333739095
256 0.11865342163355408
256 0.3051077293958114
256 0.14563301282051283
256 0.24845559845559845
256 0.09366754617414248
256 0.21257999063524272
256 0.12454545454545454
256 0.27506014434643145
256 0.26249804105939506
256 0.09868894971906066
256 0.2265151515151515
256 0.10996717397791704
256 0.3069460613116026
256 0.12067728511981633
256 0.10171840354767184
256 0.15594910591471803
256 0.2689795918367347
256 0.3018867924528302
256 0.25546582627535946
256 0.2721646035463366
256 0.11362850224835697
256 0.18220483157536577
256 0.21280314616561066
256 0.11826268969126112
256 0.16022464486290056
256 0.25850567044696465
256 0.10891451583379096
256 0.19807073954983923
256 0.19737683941138837
256 0.0694843617920541
256 0.11814478219993732
256 0.14398231311316845
256 0.2314709236031927
256 0.273892347125595
256 0.12146611734621394
256 0.1282557221783741
256 0.30238290879211177
256 0.059639182943193675
256 0.15944645006016847
256 0.11391778107974244
256 0.13312693498452013
256 0.05985634477254589
256 0.28430141287284144
256 0.194296658863588
256 0.21545293072824157
256 0.23014256619144602
256 0.10211504782432979
256 0.15227722772277227
256 0.09639934533551554
256 0.10146211785556047
256 0.1047405957208782
256 0.1273530095282361
256 0.08001630213286239
256 0.12267788293024887
256 0.09425600818135334
256 0.23564393235458092
256 0.15034730002240645
256 0.1350503549612019
256 0.0809100497212596
256 0.29270511187920684
256 0.1484170781295382
256 0.1122334455667789
256 0.11745152354570637
256 0.5329341317365269
256 0.0815004262574595
256 0.23021108179419525
256 0.2740538806927518
256 0.31143451143451145
256 0.09990889766170664
256 0.23661867847914358
256 0.30993218986836857
256 0.10772833723653395
256 0.09147230320699709
256 0.29775092312856666
256 0.18051649194579392
256 0.23873204556711244
256 0.17193495340763748
256 0.1191319751992914
256 0.16137208516390672
256 0.28642062511036553
256 0.28578654527061204
256 0.2943044254812463
256 0.17940668654842254
256 0.2680392897619947
256 0.19109606873210103
256 0.27031144211239
256 0.28856987097946574
256 0.15097123186624048
256 0.20806390262457208
256 0.12151981657386178
256 0.10085124801615929
256 0.12803212851405624
256 0.05845835488877393
256 0.15563824623847275
256 0.09837215829357283
256 0.09018817204301076
256 0.16272902603664416
256 0.09512516469038208
256 0.15104311543810847
256 0.2175732217573222
256 0.11041448972483456
256 0.0673076923076923
256 0.06108409441347409
256 0.27356456986086614
256 0.2721370604147881
256 0.2869844873250095
256 0.10878076062639822
256 0.18191780821917808
256 0.17927256125399482
256 0.08985184005097976
256 0.09877551020408164
256 0.29616020576887747
256 0.09461018625350255
256 0.14421069535892084
256 0.10991636798088411
256 0.08987417615338526
256 0.19921808601053884
256 0.19332079021636878
256 0.25276787389754174
256 0.2932330827067669
256 0.2911073825503356
256 0.17296587926509185
256 0.14366010910894364
256 0.21614006842423023
256 0.15372200927980634
256 0.2260491556595887
256 0.29815354713313896
256 0.24852992044275338
256 0.251264450867052
256 0.11677608604553709
256 0.17515197568389057
256 0.11031710585082626
256 0.12950736414423566
256 0.29298926695592603
256 0.15744157441574416
256 0.25804406403550484
256 0.08680458484763769
256 0.18010865022983702
256 0.17353212419305256
256 0.22452830188679246
256 0.1364768129474012
256 0.21787805718222528
256 0.08547669696383678
256 0.06661472536034281
256 0.09648719128700721
256 0.1574338473253379
256 0.07787750791974657
256 0.1051300070274069
256 0.3087365885701774
256 0.06661462399167317
256 0.29122215983529853
256 0.4719430485762144
256 0.14433880726015558
256 0.4038614967288974
256 0.0867587072481958
256 0.30476929042264445
256 0.19117885519701638
256 0.09256114130434782
256 0.12417138237671786
256 0.1554021512281265
256 0.14569650881437954
256 0.12767911818738517
256 0.06280514869063471
256 0.2248733108108108
256 0.16856950973807924
256 0.13730196831493038
256 0.2531155271135062
256 0.1679798298140561
256 0.12099242790397938
256 0.071372446306967
256 0.2613371571966302
256 0.05859688553539894
256 0.1491371480472298
256 0.2858685868586859
256 0.10181543116490166
256 0.2680244399185336
256 0.14601670051907018
256 0.14643449419568821
256 0.13727660920449153
256 0.2502687594065792
256 0.215063202247191
256 0.18638959390862944
256 0.2691029900332226
256 0.2483232729711603
256 0.12571123755334282
256 0.17321652065081353
256 0.14734177215189873
256 0.17147955872809864
256 0.16341114816579325
256 0.06299782766111513
256 0.13064094179202093
256 0.14917471192774837
256 0.226139133695856
256 0.0995605138607167
256 0.18298887122416535
256 0.09954545454545455
256 0.14554851617205736
256 0.2734424835211567
256 0.10954575378538513
256 0.19954741822670233
256 0.30545320560058953
256 0.24491665140135557
256 0.1868170602749383
256 0.1426755640292342
256 0.15546666666666667
256 0.159745377387087
256 0.06464187104109144
256 0.08920265780730897
256 0.3053450339050658
256 0.1012987012987013
256 0.055044464888071146
256 0.1080453093232646
256 0.2937511799131584
256 0.2952859013531209
256 0.25706654796349876
256 0.14813808100027182
256 0.27358970015246487
256 0.2936232413667093
256 0.18455284552845527
256 0.09693651028562972
256 0.2691276551866364
256 0.29769526248399486
256 0.14292558288086873
256 0.2351586035796562
256 0.09675842971167943
256 0.2596365088875574
256 0.07950920245398772
256 0.10117268337548861
256 0.25576689599352487
256 0.26663893510815306
256 0.319047619047619
256 0.12968540829986613
256 0.23642358417377812
256 0.15910803073677868
256 0.15698924731182795
256 0.08112
256 0.28930265238011593
256 0.11351351351351352
256 0.06757843925985518
256 0.2487185201693782
256 0.30433940333204185
256 0.17598160594269543
256 0.33073862653520153
256 0.1424102732960158
256 0.40019175455417066
256 0.17593360995850624
256 0.2258849971904851
256 0.13065236818588025
256 0.30119748325553075
256 0.28566621803499326
256 0.15888795282224094
256 0.049560472870566835
256 0.18903839842468
256 0.19624217118997914
256 0.1476161369193154
256 0.23812470988704937
256 0.22761372705506783
256 0.0596865621873958
256 0.28548289127353715
256 0.27239709443099275
256 0.13203602444515922
256 0.18507514854945822
256 0.154296875
256 0.06089343648614924
256 0.11580139091056121
256 0.2428264688658989
256 0.1309814879497031
256 0.2570127504553734
256 0.3169998231027773
256 0.261993306061733
256 0.11564742056713358
256 0.3099027409372237
256 0.27449150961000185
256 0.08913903255247946
256 0.14761462205700124
256 0.2888395688015219
256 0.1599522021167634
256 0.1016548463356974
256 0.12535963830661734
256 0.28272848185445565
256 0.20156220232425223
256 0.11233827705900915
256 0.1194912217843067
256 0.12208314016380775
256 0.2744298164287039
256 0.2534834892154991
256 0.2333678756476684
256 0.06337679485063542
256 0.1589509692132269
256 0.08733833626057799
256 0.06939590614078882
256 0.26178101178101176
256 0.11369461735627975
256 0.30466879489225857
256 0.2501238236750867
256 0.14051483849811444
256 0.30432595573440646
256 0.3024599636783886
256 0.10418576229758632
256 0.10755024443237371
256 0.28262910798122065
256 0.17493840197113691
256 0.13868092691622103
256 0.301416532185763
256 0.25850771507080955
256 0.10861122271327173
256 0.08308183916208059
256 0.29398663697104677
256 0.10993799229093347
256 0.15808128544423442
256 0.09752616555661275
256 0.10095626273710613
256 0.09179197994987469
256 0.18218197135636058
256 0.2937797147385103
256 0.2555222763010109
256 0.09446505875077303
256 0.2798965740142211
256 0.23466516601012943
256 0.11370967741935484
256 0.12175685693106005
256 0.1251092084571029
256 0.13563478588945482
256 0.1773049645390071
256 0.13839285714285715
256 0.2020651953836809
256 0.16003962077260506
256 0.17733990147783252
256 0.2399931283284659
256 0.13794167566733528
256 0.10021668472372698
256 0.2015222906850308
256 0.23918083462132922
256 0.043966450216450216
256 0.27352214407907244
256 0.09550474412816923
256 0.10620315739116569
256 0.11534995494142385
256 0.06980161645848641
256 0.0981838819523269
256 0.1439707286032453
256 0.2944184064763528
256 0.05788397648862765
256 0.5893263911487147
256 0.248720911041426
256 0.15141579731743665
256 0.18309859154929578
256 0.09550561797752809
256 0.13079667063020214
256 0.07910618169955962
256 0.2850959729017689
256 0.2889366272824919
256 0.1147156537033418
256 0.08790650406504065
256 0.14364207221350078
256 0.13342923934544146
256 0.29295884532865224
256 0.11222627737226278
256 0.06726386924406727
256 0.15510621960583568
256 0.17636927316569068
256 0.26723777684914335
256 0.2786526684164479
256 0.09270490382949229
256 0.14466170617753937
256 0.2079866888519135
256 0.26114029966919633
256 0.1486178861788618
256 0.283999212753395
256 0.07096343296042745
256 0.22759129472519365
256 0.2426484538038323
256 0.15604640076275225
256 0.10454170107349298
256 0.15019762845849802
256 0.10239555945077418
256 0.14653807398877214
256 0.3093381987062531
256 0.29827315541601257
256 0.14295223830920287
256 0.10896243956861287
256 0.2705161529892313
256 0.10656620021528525
256 0.059665871121718374
256 0.08261886204208885
256 0.2640873015873016
256 0.1616933979858262
256 0.0986069807481609
256 0.11416184971098266
256 0.31190609278926773
256 0.1011977886977887
256 0.13185975609756098
256 0.3106674984404242
256 0.8895226658661063
256 0.10132439763842349
256 0.11514372892243456
256 0.152276295133438
256 0.13615870153291254
256 0.0920332936979786
256 0.2704900492189172
256 0.0863013698630137
256 0.10974886296223058
256 0.22904138662893528
256 0.23848131303144157
256 0.07410606322335464
256 0.1929905464606871
256 0.09633333333333334
256 0.28417876673580994
256 0.18061674008810572
256 0.1797888908115591
256 0.2620663650075415
256 0.26623725174449814
256 0.05944477972238986
256 0.12115475627070516
256 0.1271666936659647
256 0.11877209900353584
256 0.2907851022906102
256 0.11669291338582677
256 0.13639260675589548
256 0.6264441591784339
256 0.07692307692307693
256 0.1016145756184269
256 0.12647554806070826
256 0.10817391304347826
256 0.25337357954545453
256 0.15178571428571427
256 0.08686131386861314
256 0.17437125748502993
256 0.2972329118563313
256 0.12251708247258859
256 0.10924764890282132
256 0.30266019742345657
256 0.11576163062081843
256 0.29626998223801065
256 0.2709284627092846
256 0.3262216104611149
256 0.151011151011151
256 0.14416961130742048
256 0.09540343915343916
256 0.1211031175059952
256 0.11914893617021277
256 0.08228442607552132
256 0.325697924123121
256 0.09165549597855228
256 0.2778394376618572
256 0.2171259842519685
256 0.09605095541401273
256 0.26766639276910437
256 0.08922277870524949
256 0.29016503873358035
256 0.25288270377733596
256 0.21643835616438356
256 0.12271241830065359
256 0.2544975866608161
256 0.2909967845659164
256 0.07479174212241942
256 0.40669661086157616
256 0.3084313725490196
256 0.1241852487135506
256 0.10456490727532097
256 0.2830999066293184
256 0.3103264726756565
256 0.2775893035322291
256 0.28907148726376336
256 0.12868676882517713
256 0.30510585305105853
256 0.15116044399596368
256 0.0639412997903564
256 0.1488339222614841
256 0.25234270414993304
256 0.27690198766278273
256 0.18498259572352063
256 0.14913925345150844
256 0.1930939226519337
256 0.06701553004726536
256 0.17665153068697817
256 0.13675017237416687
256 0.10746102449888642
256 0.29717796122096374
256 0.11190837587967435
256 0.32388451443569555
256 0.13402245589021564
256 0.2784636488340192
256 0.11189414641162088
256 0.2993946064942212
256 0.11071953010279001
256 0.24378933421662802
256 0.0876008804108584
256 0.27332686711930165
256 0.2535237737267431
256 0.11047325679081489
256 0.1365231259968102
256 0.16229348882410108
256 0.11232962556791477
256 0.1292645294016801
256 0.093622573805252
256 0.18836255128683327
256 0.15237942637397853
256 0.2657631113730112
256 0.1917914300464636
256 0.26982758620689656
256 0.1498371335504886
256 0.22984312294782927
256 0.24629830263633082
256 0.30963605506317177
256 0.11291379875450672
256 0.17973182052604436
256 0.2301616458486407
256 0.2613124387855044
256 0.15369161225514816
256 0.12266666666666666
256 0.19280762564991336
256 0.13342503438789546
256 0.29810034096444227
256 0.13722255548890222
256 0.26377561169683705
256 0.1342169408897014
256 0.13180206566980113
256 0.0661042944785276
256 0.2931757529546321
256 0.09246275197195443
256 0.133559806901484
256 0.11696295065625519
256 0.242181947405828
256 0.11875547765118318
256 0.208967616938832
256 0.147656691134952
256 0.25751721820930623
256 0.26898009512066234
256 0.3200368211107702
256 0.29984514130855594
256 0.21408555949934616
256 0.19091454872923755
256 0.12316143895091264
256 0.08065927654609102
256 0.27440444205624215
256 0.07465190404294582
256 0.08475125587425053
256 0.14849142181029382
256 0.07177752724539646
256 0.2864902751007535
256 0.2452057345000931
256 0.20818815331010454
256 0.1382661859225584
256 0.2752676465251316
256 0.2905525846702317
256 0.05067064083457526
256 0.3229845626072041
256 0.2940231935771632
256 0.1378532772098617
256 0.15351082048886813
256 0.18695106649937265
256 0.2441818181818182
256 0.09702711532179026
256 0.22138301443437394
256 0.14817379262593042
256 0.2743866535819431
256 0.08274515693047003
256 0.17957805907172997
256 0.21236559139784947
256 0.261441647597254
256 0.08798786374293201
256 0.1799302473050095
256 0.2364624320779464
256 0.1449423441833309
256 0.09013922778814411
256 0.09372017560603169
256 0.12248854423686993
256 0.1434228650137741
256 0.3049717057396928
256 0.30866322432587495
256 0.09611576542269612
256 0.050705171255876424
256 0.12158369035308021
256 0.2624744945279169
256 0.15597516813243661
256 0.10111366448647693
256 0.14371354504212572
256 0.15238828967642526
256 0.2626847782660807
256 0.14840843323687475
256 0.27363097314265783
256 0.2593804117760246
256 0.24434473733408113
256 0.055562445739799085
256 0.3325925925925926
256 0.20519679021780665
256 0.28107132109539573
256 0.29104223433242504
256 0.30559631104590235
256 0.10909420947540388
256 0.27260432766615145
256 0.1850895594642569
256 0.2675935828877005
256 0.1638408594930334
256 0.06882953934396846
256 0.10860058309037901
256 0.1840939726554978
256 0.18047493403693932
256 0.12246302029583764
256 0.11789222983030664
256 0.042495736213757816
256 0.042022548684660065
256 0.19093794076163612
256 0.09743662370769013
256 0.19555478980013782
256 0.1280795957043588
256 0.1514360313315927
256 0.11719470932020917
256 0.08483530142945929
256 0.052047096601552045
256 0.2753242201191728
256 0.12358297714179521
256 0.11464206389885528
256 0.28
256 0.30035879036391594
256 0.2954788943646882
256 0.11388539608406682
256 0.05285140562248996
256 0.23772169167803547
256 0.31151729559748426
256 0.1357053459681745
256 0.06111645813282002
256 0.28170257859413633
256 0.06739551619153059
256 0.1481170141223941
256 0.10151945232927033
256 0.16325416325416325
256 0.2821493258200845
256 0.2910887326619799
256 0.26703048550997366
256 0.26367435944030526
256 0.21329895008288818
256 0.275
256 0.09395732472655549
256 0.29945006208976405
256 0.16666666666666666
256 0.29186421391996964
256 0.1095890410958904
256 0.05490466345049391
256 0.10255575451733681
256 0.16315495058735782
256 0.11906259830135263
256 0.080475154759913
256 0.23560007705644384
256 0.6738809640924742
256 0.09938405193940403
256 0.28912045213705406
256 0.08605341246290801
256 0.15782567947516402
256 0.28394789136674764
256 0.10814229249011857
256 0.2963608207510647
256 0.11583519810451494
256 0.11207353721053562
256 0.09775586535192111
256 0.1419220470098185
256 0.2705444007451873
256 0.27949499346974316
256 0.24324324324324326
256 0.25325053366970696
256 0.09469784672377865
256 0.27372521246458925
256 0.12121648890170078
256 0.08773959021810972
256 0.11667626175398196
256 0.09247472856608012
256 0.1790473017988008
256 0.12523689197725837
256 0.12633832976445397
256 0.08710930275568707
256 0.24595759971254041
256 0.2904551682143401
256 0.27632476688651353
256 0.2860550458715596
256 0.2768459610564874
256 0.26062811183454615
256 0.051999171327946965
256 0.293827580343479
256 0.15876389797253107
256 0.05962171052631579
256 0.19688145782453503
256 0.2960851387305207
256 0.2692901234567901
256 0.13479118121527156
256 0.09524551831644583
256 0.17533072479970188
256 0.1692463841664552
256 0.1598848368522073
256 0.1342571208622017
256 0.054529616724738675
256 0.1278169014084507
256 0.11333559552086868
256 0.0968013468013468
256 0.2927461139896373
256 0.14822006472491908
256 0.29469122426868904
256 0.1971954425942156
256 0.2598225602027883
256 0.27727645611156687
256 0.13485947416137806
256 0.09631093544137022
256 0.12074777811829604
256 0.1697964024510773
256 0.29583975346687214
256 0.06720837350227242
256 0.11414213926776741
256 0.15508365508365507
256 0.3051535474761737
256 0.07851426845840254
256 0.29093886462882096
256 0.23095151294203428
256 0.3113592060960482
256 0.27571028411364545
256 0.10935558317060182
256 0.26707105719237434
256 0.16879096868171886
256 0.09852827265685515
256 0.1212281630492324
256 0.27508361204013376
256 0.16720208046504512
256 0.12289719626168225
256 0.22783461210571185
256 0.1657250470809793
256 0.14911496513499017
256 0.0860180412371134
256 0.25938009787928223
256 0.2900329791132283
256 0.2545425309535295
256 0.13869346733668342
256 0.11342211581625018
256 0.3026067245938799
256 0.07243225158916025
256 0.28174235403151066
256 0.12021479300190542
256 0.33997077091706246
256 0.14130434782608695
256 0.2190965092402464
256 0.22143099355713802
256 0.12360961607463222
256 0.07945516458569807
256 0.11329305135951662
256 0.15859481582537516
256 0.28093369138607727
256 0.1444981862152358
256 0.193859649122807
256 0.1088611449451888
256 0.2796961325966851
256 0.27758793969849244
256 0.2759512375323236
256 0.12915943857435735
256 0.2738887889148821
256 0.21221704394141144
256 0.07192839707078925
256 0.09786939199722848
256 0.2881008668242711
256 0.08962466105323248
256 0.2865930884747603
256 0.14942814520139233
256 0.2226691042047532
256 0.29398148148148145
256 0.0892242086271937
256 0.24930956565402962
256 0.1030779095864059
256 0.23842302878598248
256 0.08806130680290401
256 0.054307394732926645
256 0.10240440324449594
256 0.1874318924809299
256 0.26489734601902853
256 0.2992957746478873
256 0.16674364896073904
256 0.09016118200134318
256 0.08535980148883375
256 0.0393469387755102
256 0.04344179805434418
256 0.17822349570200574
256 0.2987438558164937
256 0.1525759577278732
256 0.11039188243526941
256 0.10314443676572219
256 0.08446455505279035
256 0.2700718015665796
256 0.3086115992970123
256 0.3066233531853456
256 0.09034749034749034
256 0.30212994451405045
256 0.16223345790283578
256 0.09535495179666958
256 0.16119562316519884
256 0.22863444219812534
256 0.06202414113277623
256 0.276186815298866
256 0.11762767710049424
256 0.09898516783762686
256 0.29850746268656714
256 0.10242518059855521
256 0.2961076755183703
256 0.1467972871137905
256 0.10063325991189427
256 0.10946471568809038
256 0.15064102564102563
256 0.25547445255474455
256 0.2053587814277849
256 0.08966493629070316
256 0.2604707511249567
256 0.30314157486740106
256 0.2669776119402985
256 0.23187007557485126
256 0.18246187363834424
256 0.2809734513274336
256 0.08608122179798681
256 0.18376916140667268
256 0.2586696986924389
256 0.13190025795356836
256 0.06354195135282864
256 0.2728188595607495
256 0.24315527474631438
256 0.21188894566513372
256 0.25143422354104844
256 0.10955497382198953
256 0.27463972171608414
256 0.17843866171003717
256 0.20795306388526727
256 0.13206541059367224
256 0.22590656648154198
256 0.2830370942812983
256 0.14006309148264984
256 0.11350122420426723
256 0.09520746220649727
256 0.11043058648849295
256 0.1319935691318328
256 0.13554410817772053
256 0.2817816861020837
256 0.14698331193838254
256 0.10119250425894379
256 0.24082037710883228
256 0.3278358072200843
256 0.2434329256065771
256 0.11359404096834265